4 8 10 12 13 16 18 20 21 24 25 28 30 31 39 40 46 52 54
2 7 9 12 14 16 18 20 24 26 28 30 31 35 41 48 55
2 7 10 12 14 16 18 20 21 23 26 28 30 31 39 40 48 55
2 7 9 12 13 15 18 20 22 24 26 28 30 31 35 40 48 54
2 8 10 11 13 16 18 20 22 24 26 28 30 31 35 40 48 53 54
2 7 9 11 14 16 18 19 21 24 26 28 30 31 37 43 48 53 55
2 8 9 12 13 16 18 20 22 23 25 28 29 31 35 40 48 53 55
2 7 10 12 13 15 17 20 22 23 26 28 30 31 39 41 48 53 54
2 7 9 12 13 15 18 19 21 24 25 28 30 33 35 40 48 55
2 7 10 12 13 16 18 20 22 24 26 28 30 31 35 40 48 53 54
2 7 9 12 54
2 7 10 12 13 16 18 19 21 23 25 27 29 31 39 42 48 53 55
2 7 9 12 13 16 18 20 21 24 26 28 30 32 39 43 48 53 55
2 7 9 12 14 16 18 20 21 24 25 28 30 31 35 40 48 54
2 7 10 12 14 16 18 20 21 24 25 28 29 31 37 40 48 53 55
2 7 9 12 13 15 17 20 22 24 26 27 30 31 35 40 48 53 54
2 7 9 12 14 16 18 20 22 24 26 28 30 31 35 40 48 54
2 8 9 12 13 15 17 19 21 23 25 28 30 31 37 40 48 54
2 7 10 11 13 15 17 20 22 24 25 28 30 31 36 40 48 53 54
2 7 9 12 13 15 17 19 21 24 26 28 30 31 35 40 48 53 55
2 8 10 12 13 15 18 20 21 24 26 28 30 31 39 44 48 53 54
2 7 10 12 13 15 18 20 22 24 26 28 30 31 35 40 48 54
6 8 10 12 13 16 18 20 22 24 26 28 30 33 35 40 55
2 7 10 12 14 16 18 20 22 24 26 28 30 40 54
4 7 10 11 13 15 18 19 21 24 26 28 30 31 35 40 48 53 54
2 7 9 12 13 16 18 20 22 24 25 28 30 31 43 48 55
2 7 9 11 14 16 18 20 22 24 26 28 30 40 54
2 7 9 12 13 16 18 20 22 24 26 28 30 31 35 42 48 53 55
2 7 10 12 13 15 18 20 22 24 26 28 30 31 35 40 48 53 54
2 8 9 12 13 16 18 19 21 23 25 28 30 31 39 40 48 53 55
2 7 10 12 13 15 17 20 22 24 25 28 29 33 39 40 48 50 54
2 8 9 12 13 15 18 20 22 23 26 28 30 31 35 40 54
2 7 10 12 14 16 18 20 22 24 26 28 30 31 35 42 48 53 54
4 7 9 12 13 16 18 19 21 24 26 28 30 31 35 40 48 53 54
3 7 9 12 13 16 18 20 22 24 26 28 30 31 35 40 48 53 54
2 7 9 12 14 16 18 20 22 24 26 28 30 31 37 40 48 55
2 7 9 12 13 15 18 20 21 24 25 28 30 31 37 40 48 53 55
4 7 10 12 13 15 18 20 21 23 25 27 30 31 39 40 48 53 55
2 7 10 11 13 16 18 20 21 23 26 28 30 31 35 40 48 53 54
2 7 10 12 13 16 18 20 21 24 26 28 30 31 35 40 48 53 54
2 7 10 12 14 16 18 20 22 24 26 28 30 31 54
2 7 10 12 14 16 18 20 22 24 26 28 30 31 35 40 48 54
2 7 9 11 13 15 18 20 22 24 26 28 30 31 35 40 48 53 54
2 7 10 12 13 15 17 20 22 24 26 28 30 31 40 48 54
2 7 9 12 13 15 17 20 22 24 25 27 30 31 37 40 48 49 55
2 7 10 12 14 16 18 20 22 24 26 28 30 31 42 48 54
2 7 10 12 13 15 17 31 35 44 48 54
3 7 9 12 14 16 18 20 22 24 26 28 30 31 35 40 48 54
2 7 10 12 14 16 18 19 21 24 25 28 30 31 40 48 55
2 7 10 12 14 16 18 20 22 24 26 28 30 31 35 40 48 53 54
2 7 10 12 14 16 18 20 22 24 26 28 30 31 35 40 48 53 54
2 7 10 12 13 16 18 19 21 24 26 28 30 33 35 40 48 55
2 7 9 12 13 15 17 20 21 24 26 28 30 31 40 48 53 54
4 7 9 12 13 16 18 19 21 23 25 28 30 40 55
2 7 9 12 14 16 18 20 22 24 26 28 30 31 35 40 48 53 54
2 8 10 11 13 15 17 20 22 24 26 28 30 31 35 40 48 53 54
2 7 9 12 13 16 18 19 21 24 25 28 30 31 35 40 48 53 54
2 7 10 12 14 16 18 20 22 24 26 28 30 31 40 48 55
2 7 9 11 13 15 18 20 22 24 26 28 30 31 35 40 48 53 54
4 8 10 12 13 15 18 20 21 24 25 28 30 31 37 42 48 53 54
2 7 10 12 14 16 18 20 22 24 26 28 30 31 35 40 48 54
2 8 10 12 13 15 17 19 21 24 25 28 30 31 35 40 48 53 55
2 7 9 12 13 16 18 19 22 24 26 28 30 31 37 40 48 54
2 7 10 12 14 16 18 20 22 24 26 28 30 31 37 40 48 53 55
2 7 10 12 14 16 18 20 22 24 26 28 30 31 35 40 48 49 55
2 7 10 12 14 16 18 20 22 24 26 28 30 31 35 40 48 55
2 7 9 11 14 16 18 20 22 24 26 28 30 31 35 40 48 49 54
2 7 10 12 14 16 18 20 22 24 26 28 30 31 35 40 48 53 54
2 7 10 12 14 16 18 20 22 24 26 28 30 31 35 40 48 53 55
2 7 9 12 13 16 18 20 22 24 26 28 30 31 40 48 55
6 7 10 11 13 16 18 20 21 24 26 28 30 31 35 40 48 53 55
2 7 10 12 14 16 18 20 21 23 25 28 30 31 35 40 48 53 55
2 7 9 12 14 16 18 20 22 24 26 28 30 31 35 40 48 53 54
6 7 10 12 13 16 18 20 22 24 26 28 30 31 35 40 48 54
2 7 10 12 14 16 18 20 22 24 26 28 30 31 35 40 48 53 54
2 8 9 12 14 16 18 20 21 24 26 28 30 31 37 40 48 53 54
2 7 10 12 14 16 18 20 22 24 26 28 30 31 40 48 54
4 7 10 12 13 16 18 20 22 24 26 28 30 31 35 40 48 54
2 7 9 11 14 16 18 19 21 24 26 28 30 31 35 40 48 53 54
2 7 9 12 13 15 17 20 22 24 26 28 30 31 44 55
2 7 10 12 14 16 18 20 22 24 26 28 30 31 35 40 48 53 54
2 7 10 12 14 16 18 34 35 40 48 54
2 8 9 11 14 16 18 20 22 24 26 28 30 31 35 40 48 53 54
2 7 9 12 13 15 18 20 22 24 26 28 30 31 35 40 48 53 54
2 7 9 11 14 16 18 19 21 24 26 28 30 31 35 40 48 53 54
2 7 10 11 13 16 18 20 21 24 26 28 30 31 35 40 48 53 54
4 8 9 12 13 15 18 20 22 31 39 40 48 54
2 7 9 12 13 16 18 20 21 24 26 28 30 31 35 42 48 53 54
2 7 10 12 14 16 18 20 22 24 26 28 30 31 35 40 48 54
2 7 10 12 13 15 17 20 21 24 25 28 30 31 37 44 48 55
2 7 9 11 13 15 17 20 21 24 25 28 30 31 35 40 48 54
2 7 10 12 14 16 18 20 22 24 26 28 30 31 35 40 48 54
2 8 9 12 14 16 18 19 22 24 26 28 30 31 35 40 48 54
2 7 10 12 14 16 18 20 22 24 26 28 30 31 40 48 54
2 7 10 12 14 16 18 20 22 24 26 28 30 31 35 40 48 53 54
2 8 9 11 14 16 18 20 21 24 26 28 30 31 35 40 48 53 54
2 7 10 12 14 16 18 20 22 24 26 28 30 31 40 55
2 7 10 11 14 16 18 20 22 24 26 28 30 31 35 40 48 53 55
2 7 10 12 14 16 18 20 22 23 26 28 30 31 35 40 55
2 7 9 12 13 15 17 20 21 24 26 28 30 31 35 40 48 53 54
2 7 9 12 13 16 18 20 21 23 26 28 30 31 35 40 48 54
2 7 9 12 13 15 17 20 22 24 26 28 30 31 35 40 54
2 7 10 11 14 16 18 20 22 24 26 28 30 31 35 40 48 53 54
2 7 10 12 14 16 18 20 22 24 26 28 30 31 35 40 48 53 54
2 7 10 12 13 16 18 20 21 23 25 28 29 31 40 48 53 55
4 7 9 12 13 15 18 19 21 24 25 28 30 31 35 40 48 55
2 7 9 12 13 16 18 20 22 24 26 28 30 31 35 40 48 55
2 7 9 12 13 15 17 20 21 23 25 28 29 34 39 44 48 53 55
2 7 11 14 16 18 20 22 24 26 28 30 31 35 40 48 53 54
