2 4 5 7 9 10 13 17 20 21 26 27 39 44 45 51 52 59 62 67 69 76 81 86 90 91 97 99 101 103 107 109 116 117 123
4 9 10 13 21 26 34 40 44 51 59 67 69 76 80 90 102 107 116 121 123
2 4 5 7 9 10 15 17 20 21 26 27 39 44 50 52 59 64 67 69 76 78 82 90 91 98 99 101 103 107 111 116 119 123
4 9 12 14 26 33 36 44 50 62 68 69 76 81 90 105 108 116 119 123
2 4 5 7 9 10 13 17 20 22 25 28 39 42 45 51 52 59 62 67 69 76 81 82 90 91 98 99 101 103 108 111 116 117 123
2 4 5 7 9 10 13 17 20 21 23 32 36 42 47 50 56 60 62 67 69 74 82 93 98 99 101 103 108 109 116 119 123
4 9 12 13 21 25 31 36 43 50 57 62 68 69 75 79 90 103 108 116 119 123
3 4 5 7 9 10 14 17 20 21 23 31 36 42 50 52 60 62 67 69 76 77 82 87 91 98 99 101 103 108 110 116 117 123
2 4 5 7 9 10 13 17 20 22 26 27 39 44 45 50 56 59 62 68 69 76 77 86 90 91 98 99 101 103 107 109 116 119 123
4 9 12 15 17 21 25 32 36 42 50 59 62 67 69 76 79 89 105 108 116 119 123
2 4 5 7 9 10 13 17 20 21 25 28 39 42 51 54 60 62 65 69 81 82 88 91 98 99 101 105 108 111 116 117 123
3 4 6 7 9 11 14 17 20 22 23 31 35 43 47 51 52 59 62 68 69 75 81 82 90 93 98 99 101 102 107 109 116 117 123
4 9 11 14 21 25 31 36 42 51 59 62 68 69 76 81 90 104 108 116 117 122
3 4 5 7 9 10 14 17 20 21 23 31 35 44 45 50 56 59 63 67 69 75 80 84 90 91 96 99 101 103 108 110 116 117 122
2 4 5 7 9 10 13 17 20 21 26 27 36 44 45 51 56 59 62 68 69 76 77 86 90 91 98 99 101 103 108 109 116 119 123
3 4 9 10 14 17 23 31 36 50 52 59 62 68 69 76 78 88 103 108 116 119 123
3 4 5 7 9 11 14 17 20 22 23 31 35 43 47 50 52 59 62 68 69 76 79 82 90 94 97 99 101 105 108 109 116 117 122
2 4 5 7 9 11 14 17 20 21 24 29 41 42 50 54 60 62 68 69 76 82 87 91 98 99 101 103 108 111 116 119 123
3 4 9 10 14 17 21 26 33 36 43 51 53 59 62 68 69 76 77 90 103 108 116 119 123
3 4 6 7 9 11 14 17 20 21 23 32 36 42 50 52 58 68 69 76 80 82 90 91 98 99 101 105 108 109 116 117 123
2 4 5 7 9 10 15 17 20 21 25 28 39 42 45 50 54 59 63 67 70 76 81 82 87 91 98 99 101 105 108 111 115 117 123
2 4 5 7 9 10 13 17 18 21 23 32 40 44 45 50 53 59 62 68 69 74 81 86 90 91 97 99 101 103 107 111 114 117 123
2 4 5 7 9 10 13 17 20 22 23 32 40 42 50 54 59 62 68 69 75 79 82 88 91 98 99 101 103 108 109 116 119 123
2 4 5 7 9 10 15 17 20 22 23 32 36 42 51 54 59 62 68 69 76 79 82 90 91 98 99 101 103 108 111 116 117 123
4 9 11 14 21 23 28 39 42 51 59 62 68 69 76 81 88 103 108 116 119 122
4 9 12 13 21 26 27 39 44 50 59 62 68 69 76 80 90 105 107 116 119 122
2 4 5 7 9 10 13 17 20 21 26 27 39 44 45 50 53 59 62 67 69 76 77 82 90 91 98 99 101 103 107 109 116 117 123
2 4 5 7 9 10 13 17 20 22 26 27 39 44 45 51 54 59 62 68 69 75 77 86 90 91 98 99 101 103 108 109 116 117 123
3 4 5 7 9 11 13 17 20 22 26 30 36 44 47 50 53 59 62 68 69 76 81 82 88 91 98 99 101 103 108 109 116 117 123
2 4 5 7 9 10 13 17 20 21 23 32 40 42 45 50 53 60 62 68 69 75 78 86 90 91 98 99 101 104 107 111 114 117 123
3 4 5 7 9 11 14 17 20 22 23 31 36 44 47 50 52 59 62 68 69 76 78 82 90 91 98 99 101 103 108 109 116 117 123
3 4 5 7 9 11 14 17 20 21 26 33 40 44 48 51 53 59 62 67 69 76 77 84 90 91 97 99 101 103 107 110 116 119 123
2 4 5 7 9 10 13 17 20 22 25 28 36 42 51 52 60 62 68 69 76 81 86 90 91 98 99 101 105 108 109 116 117 123
4 9 12 13 26 33 40 44 50 59 68 69 76 78 90 103 108 116 121 123
2 4 5 7 9 10 13 17 20 22 26 33 40 44 46 52 59 63 67 69 76 77 82 90 91 98 99 101 105 108 111 116 117 123
2 4 5 7 9 10 13 17 20 21 26 33 36 44 45 51 53 59 62 68 69 76 77 86 87 91 98 99 101 103 108 112 116 117 123
2 4 5 7 9 10 13 17 20 22 25 28 39 42 45 50 54 59 62 67 69 76 81 82 90 91 98 99 101 103 108 111 114 117 123
4 9 12 13 17 21 26 27 39 43 51 59 62 67 69 76 78 90 103 108 116 117 123
2 4 5 7 9 10 13 17 20 22 25 28 39 42 51 53 60 62 68 69 76 81 82 88 91 98 99 101 105 108 111 116 117 123
3 4 5 7 9 11 14 17 20 22 23 32 36 44 47 59 68 69 75 81 82 90 91 98 99 101 103 108 109
2 4 5 7 9 10 15 17 20 21 23 32 36 44 50 54 59 62 68 69 76 78 82 90 91 98 99 101 105 108 111 116 117 123
4 9 11 14 21 25 31 36 42 51 59 62 67 70 76 78 90 105 108 116 117 122
3 4 5 7 9 10 14 17 20 22 23 32 40 44 45 50 52 59 62 68 69 74 78 82 87 91 98 99 101 105 108 110 116 117 123
3 4 5 7 9 11 14 17 20 22 23 31 35 43 47 50 52 59 62 67 69 76 80 82 90 94 97 99 101 103 107 109 116 117 122
2 4 5 7 9 10 13 17 20 21 26 27 39 44 45 50 54 59 62 68 69 76 80 86 89 91 98 99 101 103 108 109 116 117 123
4 5 7 9 10 13 17 20 22 26 33 36 44 46 51 59 62 68 69 76 78 82 90 93 98 99 101 103 108 111 116 119 123
4 5 7 9 11 13 17 20 22 23 32 40 44 50 59 61 68 69 75 80 82 90 91 98 99 101 103 108 109 115 117 123
4 9 12 13 17 21 25 32 36 42 51 59 62 68 69 75 78 88 103 108 116 117 123
2 4 5 7 9 10 15 17 20 21 23 31 36 44 49 50 54 59 62 68 70 76 81 82 90 91 98 99 101 103 108 111 116 117 123
2 4 5 7 9 10 13 17 20 22 25 28 39 42 45 50 54 60 63 68 69 76 81 82 90 93 98 99 101 105 108 111 116 119 123
3 4 5 7 9 11 14 17 20 21 23 31 36 43 47 50 52 59 68 69 76 78 86 90 91 98 99 101 105 108 109 116 117 123
3 4 9 11 14 17 21 26 30 41 44 51 52 59 67 69 76 80 90 102 107 116 117 123
2 4 5 7 9 10 13 17 20 22 26 27 39 44 45 50 56 59 62 68 69 76 80 86 90 91 95 99 101 105 108 111 116 117 123
4 5 7 9 10 13 17 20 21 26 33 36 44 46 51 59 62 67 69 76 77 82 90 93 98 99 101 103 108 111 116 119 123
3 4 5 7 9 11 14 17 20 22 26 34 36 44 51 52 59 62 68 69 76 81 82 90 91 98 99 101 103 108 109 116 117 123
3 4 5 7 9 11 14 17 20 21 26 33 36 43 47 50 53 60 64 67 69 76 77 82 90 93 98 99 101 103 108 109 116 117 123
3 4 5 7 9 11 14 17 20 22 23 32 40 44 47 50 52 59 62 68 69 75 79 82 90 91 98 99 101 103 108 109 116 119 123
2 4 5 7 9 10 13 17 20 21 26 27 39 44 45 51 54 59 62 68 69 76 80 86 89 91 98 99 101 105 108 111 116 119 123
2 4 5 7 9 10 13 17 20 21 23 31 40 42 47 51 53 59 62 68 69 76 81 82 88 91 98 99 101 105 108 111 116 117 123
3 4 5 7 9 11 14 17 20 21 23 31 36 44 47 51 54 59 62 67 69 76 79 82 88 94 98 99 101 103 108 109 116 119 123
3 4 6 7 9 11 14 17 20 23 32 36 44 50 52 59 68 69 74 78 82 90 91 98 99 101 103 108 109 116 117 123
2 4 5 7 9 10 13 17 20 22 26 27 39 44 45 50 56 59 62 68 69 76 77 86 90 91 98 99 101 103 108 109 116 117 122
2 4 5 7 9 10 13 17 20 22 26 27 39 44 50 56 59 62 66 69 76 80 82 90 91 98 99 101 103 107 109 116 119 123
3 4 5 7 9 11 14 17 20 22 26 30 36 44 52 59 62 68 69 73 80 82 90 91 98 99 101 104 108 109 116 117 123
2 4 5 7 9 10 13 17 20 21 25 28 39 43 51 53 59 62 67 69 81 86 90 91 98 99 101 105 108 109 116 117 123
3 4 5 7 9 10 14 17 20 21 23 31 40 44 45 51 52 60 64 67 71 76 81 82 90 94 98 99 101 103 108 110 116 119 123
3 4 5 7 9 10 14 17 20 22 23 31 35 44 45 50 56 59 61 67 69 76 81 84 90 91 96 99 101 103 107 110 116 117 122
4 9 12 13 21 25 31 35 44 50 59 62 67 69 76 78 90 103 108 116 119 123
3 4 9 11 14 17 21 23 32 36 44 50 53 59 62 68 69 75 80 90 103 107 116 117 123
3 4 9 11 14 17 21 23 32 35 43 50 52 59 62 68 69 76 81 90 103 108 116 117 123
3 4 5 7 9 11 14 17 20 21 23 31 40 44 47 50 54 59 62 68 69 76 79 86 90 91 98 99 101 103 108 109 116 117 123
3 4 5 7 9 11 14 17 20 21 26 30 36 44 50 52 62 68 69 76 80 82 90 91 98 99 101 103 108 109 116 119 123
3 4 5 7 9 10 14 17 20 21 26 33 40 44 45 50 52 59 64 68 69 76 77 82 90 91 98 99 101 103 108 110 116 117 123
4 9 11 14 21 25 32 40 42 51 59 62 68 69 76 78 89 103 108 116 117 122
2 4 5 7 9 10 13 17 20 21 24 29 37 42 45 50 56 59 63 68 71 76 86 88 91 98 99 101 103 108 111 115 117 123
3 4 5 7 9 11 14 17 20 21 23 31 36 44 47 51 52 60 62 67 71 76 79 82 90 91 98 99 101 103 108 109 116 120 123
3 4 5 7 9 10 14 17 20 21 23 31 35 42 47 51 54 59 62 67 69 76 81 82 90 94 97 99 101 102 107 110 116 117 123
3 4 5 7 9 11 14 17 20 21 23 31 36 44 50 52 60 62 68 69 76 80 86 90 91 98 99 101 105 108 109 116 119 123
4 9 12 13 17 21 26 27 39 43 59 62 67 69 76 81 90 103 107 116 117 123
2 4 5 7 9 10 13 17 18 21 23 31 40 42 45 51 55 59 64 68 69 76 77 86 87 91 97 99 101 103 108 112 116 117 123
2 4 9 10 13 17 21 23 31 40 42 51 54 60 62 67 69 76 77 87 103 108 116 117 123
2 4 5 7 9 10 13 17 20 22 25 28 39 42 51 52 60 62 68 69 76 81 82 90 91 98 99 101 105 108 109 116 117 123
2 4 5 7 9 10 13 17 20 22 23 31 40 42 47 50 53 59 63 68 69 76 80 82 90 91 98 99 101 103 108 111 116 119 123
2 4 9 10 13 17 26 30 36 44 51 56 59 62 68 69 76 81 90 103 107 116 117 123
4 9 12 14 21 25 31 35 44 50 62 68 69 75 81 90 102 107 116 120 123
2 4 5 7 9 10 15 17 20 22 26 27 39 44 45 50 55 60 64 67 71 76 77 82 90 91 98 99 101 103 108 111 115 117 123
3 4 5 7 9 11 14 17 20 21 26 33 40 44 48 51 52 59 62 67 69 76 78 84 90 91 97 99 101 103 107 110 116 119 123
4 9 10 13 25 32 36 44 51 62 68 69 75 80 90 105 107 116 120 123
2 4 5 7 9 10 13 17 20 22 26 27 39 44 45 50 55 60 64 68 69 76 80 82 90 94 95 99 101 103 107 109 116 117 123
3 4 5 7 9 11 14 17 20 21 23 32 36 43 51 52 59 62 68 69 76 80 82 90 91 98 99 101 103 108 109 116 120 123
2 4 5 7 9 10 13 17 20 21 23 31 36 42 45 51 56 59 64 68 69 76 79 82 88 91 98 99 101 103 107 111 116 117 123
2 4 5 7 9 10 13 17 20 22 25 28 36 42 45 50 54 59 62 67 72 76 81 82 89 91 98 99 101 105 108 112 115 117 123
3 4 5 7 9 10 14 17 20 21 23 31 40 44 48 51 52 60 64 68 70 76 80 82 88 91 97 99 101 103 108 110 116 119 123
2 4 5 7 9 10 13 17 20 21 23 31 36 42 45 50 56 59 62 68 70 76 78 82 90 91 96 99 101 103 108 111 115 117 123
2 4 5 7 9 10 13 17 20 21 23 31 36 42 45 50 52 59 62 68 69 76 81 82 87 91 98 99 101 105 108 111 116 119 123
3 4 9 10 13 17 21 26 30 36 44 50 52 59 62 68 69 76 80 90 103 108 116 117 123
2 4 5 7 9 10 13 17 20 21 25 28 36 42 45 50 53 59 62 67 72 76 81 86 89 91 98 99 101 105 108 111 114 117 123
3 4 5 7 9 11 14 17 20 21 23 31 36 43 47 50 53 58 68 69 76 80 82 89 91 97 99 101 103 108 109 116 117 123
3 4 5 7 9 11 13 17 20 21 23 32 36 44 50 52 59 64 68 69 75 81 82 90 91 98 99 101 103 108 109 115 117 123
4 9 12 13 17 21 26 27 39 43 51 59 62 68 69 80 90 116 117 123
4 5 7 9 10 13 17 20 21 26 33 36 44 46 50 59 62 67 69 76 80 82 90 93 98 99 101 111 116 119 123
2 4 5 7 9 10 13 17 20 21 25 28 36 42 45 51 52 59 62 68 69 76 81 82 90 91 98 99 101 103 108 111 116 117 123
3 4 5 7 9 11 14 17 20 21 23 32 40 44 50 52 59 62 68 69 74 81 82 90 93 98 99 101 103 107 109 116 117 123
2 4 5 7 9 10 13 17 20 21 23 32 36 42 45 50 56 59 62 68 69 76 80 86 90 91 98 99 101 105 107 111 114 117 123
2 4 5 7 9 10 13 17 20 21 26 27 39 44 45 51 52 59 62 67 69 76 78 82 88 91 98 99 101 103 108 111 116 117 123
2 4 5 7 9 11 14 17 20 22 24 29 40 42 45 50 56 59 62 68 72 76 82 90 91 98 99 101 111 116 119 123
3 4 5 7 9 11 14 17 20 22 23 31 36 42 50 53 60 62 67 72 76 80 82 89 91 98 99 101 103 107 109 116 117 123
2 4 5 7 9 10 13 17 20 22 23 31 36 42 45 50 54 59 63 67 72 76 81 82 90 91 98 99 101 105 107 111 115 117 123
4 9 10 13 22 26 34 36 44 51 68 69 79 90 103 108 116 121 123
3 4 5 7 9 11 14 17 20 22 23 32 36 44 47 50 52 59 62 68 69 76 79 82 90 91 98 99 101 103 108 109 116 119 123
4 9 12 15 17 21 25 32 36 42 50 59 62 68 69 76 80 90 103 108 116 119 123
2 4 5 7 9 10 13 17 20 21 24 29 35 42 45 50 54 60 62 68 69 76 86 88 91 96 99 101 103 108 109 116 117 123
2 4 5 7 9 10 15 17 20 21 23 31 36 42 45 50 52 60 62 68 69 76 80 82 88 93 98 99 101 103 108 111 116 119 123
3 4 9 10 14 17 22 26 27 39 51 53 57 67 69 76 77 90 103 107 116 117 123
2 4 5 7 9 10 13 17 20 21 23 31 36 42 50 56 59 62 67 69 76 80 82 88 94 95 99 101 103 108 111 116 117 123
2 4 5 7 9 10 13 17 20 21 26 27 39 44 45 51 53 59 62 67 69 76 78 86 88 91 98 99 101 103 108 109 116 121 123
4 9 11 14 21 25 32 36 42 51 59 62 68 69 74 78 88 103 107 116 119 123
3 4 5 7 9 11 14 17 20 22 23 31 35 44 47 50 52 59 62 67 69 76 79 82 88 93 98 99 101 102 107 109 116 117 123
3 4 5 7 9 11 14 17 20 22 26 34 36 44 47 50 52 59 62 68 69 76 81 82 90 91 98 99 101 103 108 109 116 119 123
2 4 5 7 9 10 13 17 20 22 23 31 40 42 50 56 59 64 68 69 76 81 82 90 91 98 99 101 103 108 111 116 117 123
2 4 5 7 9 10 13 17 20 22 25 28 39 42 45 50 52 59 62 67 70 76 81 82 88 93 98 99 101 105 107 111 116 117 123
4 9 12 15 21 25 31 36 42 51 59 62 68 69 76 78 88 103 108 116 119 122
4 9 10 13 21 25 32 36 44 50 59 62 68 69 74 90 103 108 116 119 122
4 9 10 13 21 26 30 36 44 50 59 62 68 69 76 78 90 103 107 116 119 122
4 9 12 14 21 26 34 36 44 50 59 68 69 76 81 90 104 108 116 121 123
4 9 12 13 21 26 27 39 44 51 59 62 68 69 76 81 90 103 108 116 119
3 4 5 7 9 10 13 17 20 21 23 31 36 44 49 51 53 59 62 67 69 76 79 86 90 91 97 99 101 103 107 110 116 121 123
2 4 5 7 9 10 13 17 20 22 26 34 36 44 45 50 56 59 62 68 69 76 80 86 90 91 98 99 101 103 108 111 116 117 123
3 4 5 7 9 11 14 17 20 21 23 31 36 44 47 50 52 59 62 67 71 76 78 82 90 94 96 99 101 103 108 109 116 117 123
4 9 12 13 17 21 26 27 39 43 51 59 62 68 69 75 77 90 103 108 116 117 123
2 4 5 7 9 10 13 17 18 21 25 28 39 42 45 50 54 59 63 66 69 76 81 82 90 91 98 99 101 105 108 111 116 117 123
3 4 5 7 9 11 14 17 20 21 26 27 39 44 47 51 52 59 62 68 69 76 81 82 90 91 98 99 101 103 107 110 116 119 123
2 4 5 7 9 10 13 17 20 21 23 32 36 43 45 50 52 60 62 67 69 76 81 82 90 91 98 99 101 103 108 111 116 117 123
2 4 5 7 9 10 13 17 20 21 24 29 35 42 45 50 54 59 62 67 69 76 86 90 91 96 99 101 105 107 111 114 117 123
4 9 12 13 17 25 32 36 42 51 59 63 68 69 75 79 88 103 116 117 123
2 4 5 7 9 10 13 17 20 21 26 30 40 44 46 51 52 59 63 68 69 76 80 82 90 93 98 99 101 103 108 111 116 119 123
3 4 5 7 9 10 13 17 20 21 23 32 36 42 51 59 62 68 69 76 81 84 88 91 98 99 101 105 108 111 116 119 123
2 4 5 9 10 15 17 20 21 23 31 36 42 45 50 53 59 62 68 69 76 81 87 99 101 103 107 111 116 119 123
4 9 11 14 21 25 31 40 42 50 59 62 68 71 76 78 89 103 108 116 119 123
2 4 9 10 14 17 21 26 27 39 51 52 59 62 67 69 76 81 89 103 108 116 117 123
3 4 9 11 14 17 21 26 30 40 44 50 52 59 62 68 69 76 81 90 103 108 116 117 123
3 4 6 7 9 11 14 17 20 21 23 32 36 44 51 52 59 62 67 69 76 79 82 90 91 98 99 101 103 108 109 116 121 123
2 4 5 7 9 10 15 17 20 22 25 28 36 42 45 54 60 68 72 76 81 82 90 91 98 99 101 105 107 112 123
3 4 5 7 9 11 14 17 20 21 23 31 36 43 47 50 52 59 64 68 70 76 77 86 88 91 98 99 101 105 108 109 116 119 123
2 4 5 7 9 10 13 17 20 21 23 32 36 42 51 54 60 68 69 75 79 86 88 91 98 99 101 103 108 109 116 119 123
2 4 9 10 13 17 21 26 30 36 44 50 56 59 62 68 69 76 79 89 103 108 116 117 123
3 4 5 7 9 11 14 17 20 22 23 31 35 43 47 50 52 59 62 68 69 76 81 82 90 94 97 99 101 103 108 109 116 117 122
3 4 5 7 9 11 14 17 20 21 23 31 35 43 47 50 52 60 63 68 69 76 81 82 90 94 97 99 101 103 108 109 116 117 122
3 4 5 7 9 10 13 17 20 22 25 28 36 42 45 50 56 60 64 67 72 76 81 82 87 91 97 99 101 103 108 111 115 117 123
3 4 5 7 9 11 14 17 20 21 23 31 36 44 47 50 54 59 62 68 70 76 81 82 90 94 96 99 101 104 108 109 116 117 123
2 4 5 7 9 10 13 17 20 21 26 27 36 44 45 51 54 59 63 67 69 76 81 86 90 91 98 99 101 103 108 111 116 119 123
4 9 11 14 21 23 28 39 43 50 59 62 67 69 76 81 87 103 108 116 121 123
3 4 5 7 9 10 13 17 20 22 23 32 40 44 45 51 53 59 62 68 69 76 80 86 90 91 96 99 101 103 107 110 116 121 123
2 4 5 7 9 10 13 17 20 21 26 27 39 44 45 50 55 59 62 68 69 76 79 82 88 91 98 99 101 103 108 109 116 117 123
4 9 12 13 21 26 33 36 44 51 59 62 68 69 76 78 90 105 108 116 119 122
3 4 9 10 14 17 21 23 32 40 43 50 54 59 62 68 69 74 78 90 103 108 116 117 123
3 4 5 7 9 10 13 17 20 21 23 31 40 44 49 51 53 59 62 68 69 76 78 86 88 91 96 99 101 103 107 110 116 121 123
4 9 12 13 17 21 26 27 39 44 51 59 63 68 69 76 80 90 103 108 116 117 123
2 4 5 7 9 10 13 17 20 21 23 32 36 42 50 59 62 67 69 74 81 82 90 91 98 99 101 103 108 111 116 117 123
4 9 12 13 26 30 36 44 51 59 68 69 76 80 90 103 108 116 117 123
2 4 5 7 9 10 13 17 18 23 31 35 43 45 51 53 59 63 68 69 76 79 82 89 91 98 99 101 105 107 109 114 119 123
4 5 7 9 11 14 17 20 21 23 31 36 44 47 59 68 69 76 80 82 90 92 98 99 101 105 108 109
3 4 5 7 9 11 14 17 20 21 23 31 40 44 47 50 52 59 62 68 69 76 82 90 93 98 99 101 105 108 109 116 117 123
2 4 5 7 9 10 13 17 20 21 26 27 39 44 45 50 56 59 61 68 69 76 77 86 90 91 96 99 101 103 107 109 116 120 123
2 4 5 7 9 10 13 17 18 22 23 32 36 42 45 51 56 59 62 68 69 76 78 86 88 91 98 99 101 105 108 111 116 117 123
3 4 5 7 9 10 13 17 20 21 23 32 36 44 49 50 56 59 62 68 69 74 78 86 89 91 95 99 101 105 107 110 116 117 122
3 4 5 7 9 11 14 17 20 22 26 30 36 44 47 50 60 62 68 69 76 80 82 90 91 97 99 101 103 107 109 116 117 123
2 4 5 7 9 10 13 17 20 21 26 27 39 44 47 50 54 59 62 68 69 76 78 82 90 91 98 99 101 103 107 109 116 117 123
2 4 5 7 9 10 13 17 20 21 23 32 36 42 51 56 59 62 68 69 76 79 84 90 91 98 99 101 103 108 111 116 117 123
2 4 5 7 9 10 15 17 20 22 23 32 36 43 45 50 52 59 62 67 69 76 79 82 90 92 98 99 101 103 108 111 116 117 123
3 4 5 7 9 10 14 17 20 21 23 32 36 44 50 52 59 62 68 69 76 78 82 90 91 98 99 101 103 108 110 116 117 123
2 4 5 7 9 10 13 17 20 21 25 28 39 43 50 53 60 62 68 69 76 81 82 88 91 98 99 101 105 108 109 116 117 123
3 4 5 7 9 11 14 17 20 22 26 34 36 44 47 51 52 59 68 69 76 80 82 90 91 98 99 101 103 107 109 116 119 123
2 4 5 7 9 10 13 17 20 21 26 27 39 44 45 51 53 59 67 69 76 80 86 90 91 97 99 101 103 107 109 116 117 123
3 4 5 7 9 11 14 17 20 22 23 32 36 44 50 52 59 62 68 69 75 81 82 90 91 98 99 101 103 108 109 115 117 123
4 9 12 13 26 33 36 44 50 59 62 68 69 76 81 90 116 120 123
4 9 11 14 17 22 25 32 36 42 50 60 62 67 69 77 87 103 116 117 123
3 4 5 7 9 10 14 17 20 22 23 32 40 42 50 56 60 62 68 69 76 79 82 88 91 98 99 101 103 107 110 116 117 123
3 4 5 7 9 11 14 17 20 21 26 33 36 43 47 51 52 59 62 68 69 76 80 82 90 93 98 99 101 103 108 109 116 119 123
3 4 5 7 9 11 14 17 20 21 23 32 40 44 50 52 59 63 67 69 76 82 90 93 98 99 101 103 108 109 116 117 123
2 4 5 7 9 10 13 17 20 22 26 27 39 44 45 51 53 59 62 68 69 75 80 86 90 91 98 99 101 103 108 111 114 117 123
2 4 5 7 9 10 13 17 20 21 26 33 36 44 46 50 52 59 62 68 69 76 80 84 90 91 98 100 101 103 108 111 116 117 123
4 9 12 13 17 21 26 27 36 44 50 60 62 68 69 76 81 90 103 108 116 119 123
2 4 5 7 9 10 13 17 20 21 24 29 35 42 45 50 54 60 63 67 69 86 90 91 96 99 101 103 108 111 116 119 123
2 4 5 7 9 10 13 17 20 21 26 27 36 44 45 51 55 59 62 68 69 76 80 86 87 91 98 99 101 105 107 109 116 117 123
4 9 12 13 26 34 36 44 50 59 62 68 69 76 81 90 103 108 116 119 123
2 4 5 7 9 10 13 17 20 21 26 27 39 44 51 52 59 62 67 69 76 78 86 90 91 98 99 101 102 107 109 116 120 123
2 4 5 7 9 10 13 17 20 21 26 27 39 44 45 51 54 59 62 67 69 76 78 86 90 91 98 99 101 103 107 109 116 117 123
3 4 5 7 9 10 13 17 20 21 23 32 36 44 49 51 56 59 62 68 69 74 81 86 90 91 98 99 101 105 107 110 116 117 122
2 4 5 7 9 11 14 17 20 21 26 30 40 44 50 52 59 62 67 69 76 80 82 90 91 98 99 101 102 107 109 116 117 123
3 4 5 7 9 11 14 17 20 22 26 30 36 44 47 50 52 60 68 69 76 81 82 90 93 98 99 101 103 107 109 116 120 123
2 4 5 7 9 10 13 17 20 22 26 27 39 44 45 51 56 59 62 67 69 76 78 86 90 91 95 99 101 103 107 109 116 117 123
3 4 6 7 9 11 14 17 20 21 26 34 35 44 47 51 52 59 62 68 72 76 80 82 90 91 98 99 101 102 107 109 116 117 123
2 4 5 7 9 10 13 17 20 22 26 27 39 44 45 50 54 59 62 67 69 76 77 82 90 91 98 99 101 105 108 111 116 117 123
3 4 5 7 9 11 14 17 20 21 23 32 40 44 50 52 59 63 67 69 76 82 90 93 98 99 101 103 108 109 116 117 123
4 9 11 14 17 21 25 32 36 42 51 59 62 68 69 74 78 90 103 108 114 121 122
2 4 5 7 9 10 13 17 20 21 26 27 36 44 50 52 59 62 68 69 76 81 86 90 91 98 99 101 103 107 109 116 117 123
3 4 5 7 9 10 14 17 20 21 26 30 40 44 47 50 52 60 62 68 69 76 80 82 90 91 98 99 101 103 107 109 116 119 123
2 4 5 7 9 10 13 17 20 22 23 31 36 44 49 50 54 59 62 68 69 76 80 82 89 93 95 99 101 104 108 111 116 119 123
2 4 5 7 9 10 13 17 20 22 26 27 39 44 54 59 62 67 69 76 77 86 90 91 96 99 101 103 108 111 123
3 4 9 10 14 17 23 32 40 44 50 52 59 62 68 69 76 78 87 103 108 116 117 123
2 4 5 7 9 10 13 17 20 22 23 32 40 42 45 50 53 60 62 68 69 76 81 82 90 91 98 99 101 103 108 109 116 119 123
3 4 5 7 9 11 14 17 20 21 23 31 40 42 50 52 59 62 67 69 76 81 82 87 91 98 99 101 103 108 109 116 117 123
2 4 5 7 9 10 13 17 20 22 25 28 39 42 45 50 52 59 62 68 69 76 81 82 90 93 98 99 101 103 108 111 116 117 123
3 4 5 7 9 10 14 17 20 21 23 32 40 44 50 54 59 63 67 69 76 77 85 90 91 96 99 101 103 107 110 116 117 123
2 4 5 7 9 10 13 17 20 22 23 31 40 42 45 50 52 59 62 67 69 79 82 87 91 98 99 101 105 108 111 116 119 123
3 4 9 11 14 17 21 23 31 36 44 50 56 59 62 68 69 75 79 90 103 108 116 117 123
3 4 5 7 9 11 14 17 20 21 26 33 36 44 47 51 53 59 62 67 69 76 80 82 90 91 98 99 101 103 107 109 116 117 123
3 4 5 7 9 11 14 17 20 21 23 32 40 43 51 52 59 62 68 69 76 80 82 90 91 98 99 101 103 108 109 116 120 123
2 4 5 7 9 10 15 17 20 22 23 31 36 42 47 50 53 59 62 67 69 76 78 82 88 91 98 99 101 103 108 111 116 117 123
