532 2 3 4 6 8 9 10 12 13 15 16 18 20 21 23 24 26 27 28 30 31 32 34 36 37 39 40 42 44 45 46 48 
533 2 3 4 6 8 9 10 12 13 15 16 18 20 21 23 24 26 27 29 30 32 33 34 36 37 39 40 42 44 45 46 47 
534 1 2 4 6 7 9 10 11 13 15 16 18 20 21 23 24 26 27 29 30 31 33 35 36 37 39 40 42 44 45 47 48 
535 2 3 4 6 7 9 11 12 13 14 16 18 20 21 23 24 26 27 29 30 31 33 35 36 37 39 41 42 44 45 46 48 
536 1 3 4 6 7 9 11 12 13 15 16 18 20 21 23 24 26 27 29 30 31 33 34 35 37 39 40 42 43 45 46 48 
537 2 3 4 6 7 9 11 12 13 15 16 18 20 21 23 24 26 27 29 30 32 33 35 36 37 39 40 42 43 45 46 48 
538 2 3 4 6 8 9 10 12 13 15 16 18 20 21 23 24 26 27 29 30 32 33 35 36 37 38 40 42 43 45 46 48 
539 2 3 4 6 8 9 10 12 13 15 16 18 20 21 23 24 26 27 29 30 32 33 35 36 37 39 40 42 43 44 46 48 
540 2 3 4 6 8 9 10 12 13 15 16 18 20 21 23 24 26 27 29 30 32 33 34 36 37 39 40 42 44 45 46 48 
541 1 3 4 6 7 9 11 12 14 15 17 18 19 21 22 24 25 27 29 30 32 33 35 36 38 39 41 42 43 44 46 47 
542 2 3 4 6 8 9 10 12 13 15 17 18 20 21 23 24 26 27 29 30 31 32 34 35 37 39 40 42 44 45 47 48 
543 2 3 4 6 8 9 10 12 13 15 16 18 20 21 23 24 26 27 29 30 31 33 34 35 37 39 40 42 43 44 46 47 
544 2 3 4 6 7 9 11 12 14 15 17 18 19 21 22 24 25 27 29 30 32 33 35 36 37 39 41 42 43 44 46 47 
545 1 3 4 6 7 9 11 12 14 15 16 18 19 21 22 24 25 26 28 30 31 33 34 35 38 39 41 42 43 45 46 47 
546 2 3 4 6 8 9 10 12 13 15 16 18 20 21 23 24 26 27 29 30 32 33 34 36 37 38 40 41 44 45 46 47 
547 2 3 4 6 8 9 10 12 13 15 16 18 20 21 23 24 26 27 28 30 32 33 34 36 37 39 40 41 44 45 46 47 
548 1 3 5 6 7 9 11 12 14 15 16 18 20 21 22 24 25 26 28 30 31 33 34 36 37 38 41 42 44 45 46 48 
549 1 3 4 5 7 9 11 12 14 15 17 18 19 21 22 24 25 27 29 30 32 33 35 36 37 39 41 42 43 45 46 48 
550 2 3 4 6 8 9 10 12 13 15 16 18 20 21 23 24 26 27 29 30 32 33 34 35 37 39 40 42 44 45 47 48 
551 1 3 4 6 7 9 11 12 14 15 17 18 19 21 22 24 25 27 29 30 31 33 35 36 38 39 41 42 43 45 46 48 
552 1 3 4 6 7 9 11 12 14 15 16 17 19 21 22 24 26 27 29 30 31 33 35 36 38 39 41 42 43 45 46 48 
553 1 3 4 6 7 9 11 12 14 15 17 18 19 21 22 24 25 27 29 30 32 33 35 36 37 38 40 41 43 45 46 48 
554 1 3 4 5 7 9 11 12 14 15 17 18 19 21 22 24 25 27 29 30 32 33 34 35 38 39 41 42 43 45 46 48 
555 1 3 4 6 7 9 11 12 14 15 17 18 19 21 22 24 25 27 29 30 32 33 35 36 38 39 41 42 43 45 46 48 
556 1 3 5 6 7 9 11 12 14 15 17 18 19 21 22 24 25 27 29 30 32 33 35 36 38 39 41 42 43 45 46 47 
557 1 3 5 6 7 9 11 12 14 15 17 18 19 21 22 24 25 27 28 30 32 33 35 36 38 39 41 42 43 45 46 48 
558 1 3 5 6 7 9 11 12 14 15 17 18 19 21 22 24 25 27 29 30 31 33 35 36 38 39 41 42 43 45 46 48 
559 1 3 4 6 7 9 11 12 14 15 17 18 19 21 22 24 25 27 29 30 31 33 35 36 38 39 41 42 43 45 46 48 
560 1 3 5 6 8 9 10 12 13 15 17 18 19 21 22 24 25 27 29 30 32 33 34 36 37 39 40 42 44 45 46 48 
561 1 3 4 6 7 9 11 12 14 15 17 18 19 21 22 24 25 27 29 30 31 33 35 36 38 39 41 42 43 45 46 48 
562 2 3 4 6 8 9 10 12 13 15 16 18 20 21 23 24 26 27 29 30 32 33 34 36 37 39 40 42 44 45 47 48 
563 1 3 4 6 7 9 11 12 14 15 17 18 19 21 22 24 25 27 29 30 31 33 35 36 38 39 41 42 43 45 46 47 
564 1 3 4 6 7 9 11 12 14 15 17 18 19 21 22 24 25 27 28 30 32 33 35 36 37 39 41 42 43 45 46 48 
565 2 3 4 6 8 9 10 12 13 15 16 18 20 21 23 24 26 27 29 30 32 33 34 36 37 39 40 42 44 45 46 48 
566 1 3 4 6 7 9 11 12 14 15 17 18 19 21 22 24 25 27 29 30 32 33 35 36 38 39 41 42 43 45 46 48 
567 2 3 4 6 8 9 10 12 13 15 16 18 20 21 23 24 26 27 29 30 32 33 34 36 37 39 40 42 44 45 47 48 
568 1 3 4 5 8 9 10 12 13 15 16 18 20 21 23 24 26 27 28 30 32 33 34 36 37 38 40 42 44 45 46 48 
569 1 3 4 6 8 9 10 12 13 15 16 18 20 21 23 24 26 27 29 30 32 33 35 36 37 39 40 42 44 45 46 48 
570 2 3 4 6 8 9 10 12 13 15 16 18 20 21 23 24 26 27 28 30 32 33 34 36 37 39 40 42 44 45 47 48 
571 1 3 5 6 7 9 11 12 14 15 17 18 19 21 22 24 25 27 28 30 31 33 35 36 37 39 41 42 43 45 46 48 
572 1 3 4 6 7 9 11 12 14 15 17 18 19 21 22 24 25 27 29 30 31 32 35 36 38 39 41 42 44 45 46 47 
573 1 3 4 6 7 9 11 12 14 15 17 18 19 21 22 24 25 27 29 30 32 33 35 36 38 39 41 42 43 45 46 47 
574 1 3 5 6 7 9 11 12 14 15 17 18 19 21 22 24 25 27 29 30 32 33 35 36 38 39 41 42 44 45 46 48 
575 1 3 5 6 7 9 11 12 14 15 17 18 19 21 22 24 25 27 29 30 32 33 35 36 38 39 41 42 43 45 46 48 
576 1 3 4 6 7 9 11 12 14 15 17 18 19 21 22 24 25 27 29 30 31 33 35 36 38 39 41 42 44 45 46 47 
577 1 3 4 6 7 9 11 12 14 15 17 18 19 21 22 24 25 26 29 30 31 33 35 36 38 39 41 42 43 45 46 47 
578 1 3 4 6 7 9 11 12 14 15 17 18 19 21 22 24 25 27 29 30 32 33 35 36 38 39 41 42 44 45 46 48 
579 1 3 5 6 7 9 11 12 14 15 17 18 19 21 22 24 25 26 29 30 32 33 35 36 38 39 41 42 44 45 46 47 
580 1 3 4 6 7 9 11 12 14 15 17 18 19 21 22 24 26 27 29 30 32 33 35 36 38 39 40 42 44 45 46 48 
581 2 3 4 5 8 9 10 12 13 15 16 18 20 21 23 24 26 27 29 30 32 33 34 36 37 39 40 42 44 45 47 48 
582 1 3 4 6 7 9 11 12 14 15 17 18 19 21 22 24 25 27 29 30 31 33 35 36 38 39 41 42 43 45 46 48 
583 2 3 4 6 8 9 10 12 13 15 16 18 20 21 22 23 26 27 29 30 32 33 34 36 37 39 40 42 44 45 46 48 
584 1 3 4 6 7 9 11 12 14 15 17 18 19 21 22 24 25 27 29 30 32 33 35 36 38 39 41 42 43 44 46 47 
585 1 3 4 6 8 9 10 12 13 15 16 18 20 21 23 24 26 27 28 30 32 33 34 36 37 39 40 42 44 45 47 48 
586 1 3 4 6 7 9 11 12 14 15 16 18 19 20 22 24 26 27 29 30 31 33 34 36 38 39 40 42 44 45 46 47 
587 2 3 4 6 8 9 10 12 13 15 16 18 20 21 23 24 26 27 28 30 31 33 34 36 37 39 40 42 44 45 47 48 
588 2 3 4 6 8 9 10 12 13 15 16 18 20 21 23 24 26 27 28 30 31 33 34 36 37 39 40 42 44 45 46 48 
589 2 3 4 6 8 9 10 12 13 15 16 18 20 21 23 24 26 27 28 30 32 33 34 36 37 39 40 42 44 45 46 48 
590 2 3 4 6 8 9 10 12 13 15 16 18 20 21 23 24 26 27 28 30 32 33 34 36 37 39 40 42 44 45 46 48 
591 2 3 4 6 8 9 10 12 13 15 16 18 20 21 23 24 26 27 28 30 32 33 34 36 37 39 40 42 44 45 46 47 
592 1 3 4 6 7 9 11 12 14 15 16 17 19 21 22 24 25 27 28 30 32 33 35 36 38 39 41 42 43 45 46 47 
593 2 3 4 6 8 9 10 12 13 15 16 18 20 21 23 24 26 27 29 30 32 33 34 36 37 39 40 42 44 45 47 48 
594 1 3 4 6 7 9 11 12 14 15 17 18 19 21 22 24 25 27 29 30 32 33 35 36 38 39 41 42 44 45 46 47 
595 1 3 4 6 7 9 11 12 14 15 17 18 19 21 22 24 25 27 29 30 31 33 35 36 38 39 41 42 44 45 46 48 
596 1 3 4 6 7 9 11 12 14 15 17 18 19 21 22 24 25 27 29 30 31 33 34 35 38 39 41 42 44 45 46 48 
597 1 3 4 6 8 9 10 12 13 15 16 18 19 21 23 24 26 27 29 30 32 33 34 36 37 39 40 42 44 45 46 48 
598 2 3 4 6 8 9 10 12 13 15 16 18 19 21 23 24 26 27 29 30 31 33 34 36 37 39 40 42 44 45 46 48 
599 2 3 4 6 8 9 10 12 13 15 16 18 20 21 23 24 26 27 28 30 32 33 34 36 37 39 40 42 44 45 47 48 
600 1 3 4 5 7 9 11 12 14 15 17 18 19 21 22 24 25 27 29 30 32 33 35 36 37 39 41 42 43 45 46 48 
601 1 3 4 6 7 9 11 12 14 15 17 18 19 21 22 24 25 27 29 30 32 33 35 36 38 39 41 42 43 45 46 48 
602 1 3 5 6 7 9 11 12 14 15 17 18 19 21 22 24 25 27 29 30 32 33 35 36 37 39 41 42 43 45 46 47 
603 1 3 4 6 7 9 10 12 14 15 17 18 19 21 22 24 25 27 28 30 31 33 35 36 38 39 40 42 44 45 46 48 
604 1 3 4 6 7 9 11 12 14 15 17 18 19 21 22 24 25 27 29 30 31 33 35 36 38 39 41 42 43 45 46 47 
605 1 3 5 6 7 9 10 12 13 15 17 18 19 21 23 24 25 27 28 30 32 33 35 36 37 39 40 42 44 45 46 48 
606 1 3 5 6 7 9 11 12 14 15 16 18 19 21 22 24 25 27 28 30 31 33 35 36 38 39 40 42 43 45 46 48 
607 2 3 4 6 7 9 10 12 13 15 16 18 20 21 23 24 26 27 28 30 31 33 35 36 37 39 40 42 44 45 47 48 
608 2 3 4 6 7 9 11 12 13 15 16 18 20 21 23 24 26 27 28 30 31 33 34 36 37 39 40 42 44 45 46 47 
609 2 3 4 6 7 9 10 12 13 15 16 18 20 21 22 24 25 27 28 30 31 33 34 36 37 39 40 42 44 45 46 48 
610 1 3 4 6 7 9 11 12 13 15 16 18 20 21 23 24 26 27 28 30 31 33 35 36 37 39 40 42 44 45 46 48 
611 2 3 5 6 8 9 10 12 13 15 17 18 20 21 23 24 26 27 28 30 32 33 34 36 37 39 40 42 44 45 47 48 
612 1 3 5 6 7 9 11 12 14 15 16 18 19 21 22 24 25 27 28 30 32 33 34 36 38 39 40 42 44 45 46 47 
613 1 3 5 6 7 9 11 12 14 15 17 18 19 21 22 24 25 26 28 30 31 33 34 36 38 39 40 42 44 45 46 48 
614 2 3 5 6 8 9 10 12 13 15 16 18 20 21 23 24 26 27 28 30 32 33 34 36 37 39 40 42 44 45 46 48 
615 2 3 5 6 8 9 10 12 13 15 16 18 20 21 23 24 26 27 29 30 32 33 34 36 37 39 40 42 44 45 47 48 
616 2 3 4 5 8 9 10 12 13 15 16 18 20 21 23 24 26 27 28 30 32 33 34 36 37 39 40 42 44 45 47 48 
617 2 3 5 6 7 9 11 12 13 15 16 18 20 21 23 24 26 27 28 30 31 33 34 36 37 39 40 42 44 45 46 48 
618 2 3 5 6 8 9 10 12 13 15 16 18 20 21 23 24 26 27 28 30 32 33 34 36 37 39 40 42 44 45 47 48 
619 2 3 5 6 8 9 10 12 13 15 16 18 20 21 23 24 26 27 29 30 32 33 34 36 37 39 40 42 44 45 47 48 
620 2 3 4 6 7 9 11 12 13 15 16 18 19 21 23 24 25 27 28 30 31 33 35 36 37 39 40 42 44 45 46 48 
621 2 3 5 6 8 9 10 12 13 15 16 18 20 21 23 24 26 27 28 30 32 33 34 35 37 39 40 42 44 45 46 47 
622 1 3 5 6 7 9 11 12 14 15 17 18 19 21 22 24 25 27 28 30 32 33 35 36 38 39 41 42 43 45 46 48 
623 1 3 5 6 7 9 11 12 14 15 17 18 19 21 22 24 25 27 28 30 31 33 35 36 38 39 41 42 43 45 46 48 
624 1 3 4 6 7 9 11 12 14 15 17 18 19 21 22 24 26 27 28 30 31 33 35 36 38 39 40 41 43 45 46 48 
625 1 3 5 6 7 9 11 12 14 15 17 18 19 21 23 24 25 27 28 30 31 33 35 36 38 39 41 42 43 45 46 48 
626 1 3 5 6 7 9 11 12 13 15 16 18 20 21 23 24 26 27 29 30 32 33 35 36 38 39 41 42 44 45 46 48 
627 1 3 5 6 7 9 11 12 13 15 16 18 20 21 22 23 25 26 29 30 31 33 34 35 37 38 40 41 43 45 46 48 
628 2 3 5 6 7 8 11 12 13 15 16 18 20 21 23 24 26 27 29 30 31 33 34 36 37 39 40 42 44 45 46 48 
629 1 3 5 6 8 9 11 12 13 15 16 18 19 21 23 24 26 27 28 30 31 33 35 36 38 39 40 42 44 45 46 48 
630 1 3 4 6 7 9 11 12 14 15 16 18 19 21 22 24 25 27 28 30 32 33 35 36 38 39 41 42 44 45 46 48 
631 2 3 5 6 8 9 10 12 13 15 16 18 20 21 23 24 26 27 28 30 31 32 34 36 37 39 40 42 44 45 47 48 
632 1 3 5 6 8 9 11 12 13 15 16 18 20 21 23 24 26 27 29 30 31 33 34 36 38 39 40 42 44 45 46 48 
633 1 3 5 6 7 9 11 12 13 15 16 18 19 21 23 24 26 27 29 30 31 33 35 36 38 39 40 42 44 45 46 48 
634 1 3 5 6 7 9 11 12 13 15 16 18 19 21 23 24 25 26 29 30 31 33 35 36 37 39 40 42 43 45 46 47 
635 1 3 5 6 8 9 11 12 13 15 16 18 19 20 23 24 25 26 29 30 32 33 35 36 38 39 40 42 43 44 47 48 
636 1 2 4 5 7 8 10 11 14 15 16 18 19 21 22 24 25 27 28 30 31 32 35 36 37 39 40 42 44 45 46 47 
637 1 3 4 6 7 9 11 12 14 15 17 18 20 21 22 24 25 27 29 30 31 33 35 36 38 39 41 42 43 45 46 48 
638 2 3 4 6 8 9 10 12 13 15 16 18 20 21 23 24 26 27 29 30 32 33 34 36 37 39 40 42 44 45 46 48 
639 2 3 4 5 7 8 10 11 13 14 16 17 19 20 22 23 25 26 28 29 31 32 34 35 37 38 40 42 43 44 46 47 
640 1 3 4 5 7 9 11 12 14 15 17 18 19 21 22 24 25 27 29 30 32 33 35 36 38 39 41 42 43 45 46 47 
641 1 3 4 5 7 9 11 12 14 15 17 18 19 21 22 24 25 27 29 30 32 33 35 36 38 39 41 42 43 45 46 47 
642 2 3 5 6 7 9 11 12 14 15 17 18 19 21 22 24 25 27 28 30 32 33 35 36 38 39 41 42 43 45 46 48 
643 2 3 4 5 8 9 10 12 13 15 16 18 20 21 23 24 26 27 28 30 32 33 34 36 37 39 40 42 44 45 46 48 
644 2 3 4 5 7 9 11 12 14 15 16 18 19 21 22 24 26 27 28 30 32 33 35 36 38 39 41 42 43 45 46 47 
645 2 3 4 5 8 9 10 12 13 15 16 18 20 21 23 24 26 27 28 30 32 33 34 36 37 39 40 42 44 45 47 48 
646 1 3 4 5 7 9 11 12 14 15 17 18 19 21 22 24 25 27 29 30 32 33 35 36 38 39 41 42 43 45 46 47 
647 2 3 4 5 7 9 11 12 13 14 16 17 19 21 22 24 25 27 28 30 31 32 34 35 38 39 41 42 43 45 46 48 
648 1 3 5 6 7 9 11 12 14 15 17 18 19 21 22 24 25 27 29 30 31 33 35 36 38 39 41 42 43 45 46 48 
649 1 3 4 6 7 9 10 12 13 15 17 18 19 21 23 24 26 27 29 30 32 33 34 36 37 39 40 42 44 45 46 48 
650 2 3 4 6 7 9 11 12 14 15 17 18 20 21 22 24 25 27 28 30 31 33 35 36 38 39 41 42 43 45 46 48 
651 2 3 5 6 8 9 10 12 13 15 16 18 20 21 23 24 26 27 29 30 32 33 34 36 37 39 40 42 44 45 47 48 
652 2 3 4 5 7 8 10 12 13 15 16 18 20 21 23 24 26 27 28 30 32 33 34 36 37 39 40 42 43 44 46 48 
653 2 3 4 5 8 9 10 12 13 15 16 18 20 21 23 24 26 27 28 30 32 33 34 36 37 39 40 42 44 45 46 48 
654 2 3 5 6 8 9 10 12 13 15 16 18 20 21 23 24 26 27 28 30 32 33 34 36 38 39 40 42 44 45 46 48 
655 1 3 4 5 8 9 10 12 13 15 16 18 20 21 22 24 26 27 29 30 32 33 34 36 37 39 40 42 44 45 46 48 
656 2 3 4 5 7 9 11 12 14 15 17 18 19 21 22 24 25 27 29 30 32 33 35 36 38 39 41 42 43 45 46 48 
657 2 3 4 5 8 9 10 12 13 15 16 18 20 21 23 24 26 27 28 30 32 33 34 36 37 39 40 42 44 45 46 48 
658 2 3 4 5 8 9 10 12 13 15 16 18 20 21 23 24 26 27 29 30 32 33 34 36 37 39 40 42 44 45 47 48 
659 2 3 4 5 7 9 11 12 14 15 17 18 19 21 22 24 25 27 28 30 31 33 35 36 38 39 40 42 43 45 46 48 
660 2 3 4 5 7 9 11 12 14 15 16 18 20 21 22 24 26 27 28 30 31 33 35 36 38 39 41 42 43 45 46 48 
661 1 2 4 5 7 9 11 12 14 15 17 18 19 21 22 24 25 26 29 30 31 32 34 35 37 38 40 41 43 44 46 47 
662 1 3 4 5 7 9 11 12 13 14 16 17 19 21 22 24 25 27 29 30 32 33 35 36 38 39 41 42 43 45 46 47 
663 2 3 5 6 7 9 11 12 14 15 16 18 20 21 22 24 25 27 28 30 32 33 35 36 38 39 40 42 44 45 46 48 
664 2 3 5 6 8 9 10 12 13 15 16 18 20 21 23 24 26 27 28 30 32 33 34 36 37 39 40 42 44 45 46 47 
665 2 3 5 6 8 9 10 12 13 15 16 18 20 21 23 24 26 27 28 30 32 33 34 36 37 39 40 42 44 45 46 48 
666 2 3 5 6 8 9 10 12 13 15 16 18 20 21 23 24 26 27 29 30 32 33 34 36 37 39 40 42 44 45 46 47 
667 2 3 5 6 8 9 10 12 13 15 16 18 20 21 23 24 26 27 28 30 32 33 34 36 37 39 40 42 44 45 47 48 
668 2 3 4 6 8 9 10 12 13 15 16 18 20 21 23 24 26 27 28 30 31 33 34 36 37 39 41 42 44 45 46 48 
669 2 3 4 5 7 9 11 12 14 15 16 18 19 21 22 24 25 27 28 30 32 33 35 36 38 39 40 42 43 45 46 48 
670 2 3 5 6 7 9 11 12 14 15 16 18 19 21 22 24 25 27 28 30 32 33 35 36 38 39 40 42 44 45 46 48 
671 1 3 5 6 7 9 11 12 14 15 16 18 19 21 22 24 25 27 29 30 32 33 35 36 38 39 41 42 43 45 46 48 
672 2 3 5 6 8 9 10 12 14 15 17 18 19 21 22 24 25 27 28 30 32 33 35 36 37 39 40 42 44 45 46 48 
673 2 3 5 6 8 9 10 12 13 15 16 18 19 21 22 24 25 27 28 30 32 33 34 36 37 39 40 42 43 44 46 48 
674 2 3 5 6 8 9 10 12 13 15 16 18 19 21 22 24 25 27 28 30 32 33 34 36 37 39 40 42 44 45 46 48 
675 1 2 4 6 8 9 11 12 14 15 17 18 19 21 22 24 25 27 28 30 31 33 35 36 38 39 40 42 43 45 46 48 
676 2 3 4 5 8 9 11 12 14 15 16 18 19 21 22 24 25 27 28 30 32 33 35 36 38 39 40 42 44 45 46 47 
677 2 3 5 6 7 9 11 12 14 15 16 18 19 21 22 24 25 27 28 30 32 33 35 36 38 39 40 42 43 44 46 48 
678 2 3 4 6 8 9 10 12 13 15 16 18 20 21 23 24 26 27 29 30 32 33 34 36 37 39 40 42 44 45 46 48 
679 2 3 5 6 8 9 11 12 14 15 17 18 19 21 22 24 25 27 28 30 32 33 34 36 37 39 40 42 43 45 46 48 
680 2 3 4 6 8 9 10 12 13 15 16 18 20 21 23 24 26 27 28 30 31 33 34 36 37 39 40 42 44 45 46 48 
681 2 3 5 6 7 9 11 12 14 15 17 18 19 21 22 24 25 27 28 30 32 33 35 36 37 39 41 42 43 45 46 48 
682 1 3 4 6 8 9 10 12 13 15 16 18 20 21 23 24 26 27 28 30 32 33 34 36 37 39 40 42 44 45 46 48 
683 1 3 4 6 7 8 10 12 13 15 16 18 20 21 23 24 25 27 29 30 31 33 34 35 37 39 40 42 44 45 47 48 
684 2 3 4 6 7 9 11 12 14 15 16 18 20 21 22 24 25 27 28 30 31 33 35 36 37 39 41 42 43 45 46 48 
685 2 3 5 6 7 9 11 12 14 15 16 18 19 21 22 24 25 27 28 30 31 33 35 36 37 39 40 42 44 45 46 48 
686 2 3 4 6 8 9 10 12 13 15 16 18 20 21 23 24 26 27 29 30 32 33 34 36 37 39 40 42 44 45 47 48 
687 1 3 4 6 8 9 10 12 13 15 16 18 20 21 22 23 26 27 29 30 31 33 34 36 37 39 40 42 44 45 47 48 
688 1 3 4 6 8 9 10 12 13 15 16 18 19 21 23 24 26 27 29 30 32 33 34 36 37 39 40 42 44 45 47 48 
689 2 3 4 6 7 9 11 12 14 15 16 18 20 21 22 24 25 27 29 30 31 33 35 36 37 38 40 41 43 44 46 47 
690 2 3 4 6 8 9 10 12 13 15 16 18 20 21 23 24 26 27 28 30 32 33 34 36 37 39 40 42 44 45 47 48 
691 2 3 4 6 7 9 11 12 13 14 16 18 19 21 22 24 25 27 28 30 31 33 35 36 38 39 40 41 44 45 46 47 
692 2 3 4 6 8 9 11 12 13 15 16 18 20 21 23 24 26 27 29 30 32 33 34 36 37 39 40 42 43 45 46 48 
693 2 3 5 6 8 9 11 12 13 15 16 18 19 21 23 24 26 27 29 30 32 33 34 36 37 39 40 42 44 45 46 48 
694 2 3 4 6 7 9 11 12 13 15 16 18 19 21 23 24 26 27 29 30 31 33 34 36 37 39 40 42 44 45 46 48 
695 2 3 4 6 8 9 10 12 13 15 16 18 19 21 23 24 26 27 29 30 32 33 34 36 37 39 40 42 44 45 46 48 
696 1 3 4 6 8 9 11 12 13 15 16 18 20 21 23 24 26 27 28 30 31 33 34 36 37 39 40 42 44 45 46 47 
697 2 3 4 6 7 9 11 12 14 15 16 18 19 21 22 24 25 27 28 30 31 33 35 36 37 39 41 42 43 45 46 47 
698 1 3 5 6 7 9 10 12 13 15 16 18 19 21 22 24 26 27 28 30 32 33 34 36 38 39 40 42 43 45 46 48 
699 1 3 5 6 7 9 10 12 13 15 16 18 19 21 22 24 26 27 28 30 31 33 34 36 38 39 40 42 43 45 46 48 
700 2 3 5 6 7 9 10 12 13 15 16 18 20 21 23 24 25 27 29 30 32 33 35 36 37 39 40 42 43 45 46 47 
701 1 3 5 6 7 9 11 12 14 15 17 18 19 21 22 24 25 27 28 30 31 33 35 36 38 39 40 42 44 45 46 48 
702 1 3 5 6 7 9 11 12 14 15 17 18 19 20 22 24 25 27 28 29 32 33 35 36 38 39 41 42 43 45 46 47 
703 2 3 4 5 8 9 10 12 13 15 16 18 20 21 23 24 26 27 28 30 32 33 34 36 37 39 40 42 44 45 46 48 
704 2 3 4 6 7 9 11 12 14 15 17 18 19 21 22 24 25 27 28 30 32 33 35 36 37 38 41 42 43 45 46 48 
705 2 3 5 6 8 9 11 12 13 15 16 18 20 21 23 24 26 27 28 30 31 33 34 36 37 39 40 42 44 45 46 48 
706 1 3 4 5 7 9 11 12 14 15 17 18 19 21 22 24 25 27 29 30 32 33 35 36 38 39 41 42 43 45 46 47 
707 2 3 4 6 7 9 11 12 14 15 17 18 19 21 22 24 25 27 28 30 32 33 35 36 38 39 41 42 43 45 46 48 
708 2 3 5 6 7 9 10 12 14 15 17 18 19 21 22 24 25 27 28 30 32 33 35 36 38 39 40 42 43 45 46 48 
709 2 3 5 6 7 9 11 12 14 15 17 18 19 21 22 24 25 27 28 30 31 33 34 35 38 39 41 42 43 45 46 48 
710 1 2 5 6 7 9 11 12 14 15 17 18 19 21 22 24 25 27 28 30 31 33 34 35 38 39 41 42 43 45 46 47 
711 1 3 5 6 7 9 11 12 14 15 17 18 19 21 22 24 25 27 28 30 32 33 35 36 38 39 41 42 43 45 46 48 
712 1 2 4 5 7 9 11 12 14 15 17 18 19 21 22 24 25 27 28 29 31 32 35 36 38 39 41 42 43 44 46 47 
713 2 3 5 6 7 9 11 12 14 15 17 18 19 21 22 24 25 27 28 30 31 33 35 36 38 39 41 42 43 45 46 48 
714 1 3 4 5 7 9 11 12 14 15 17 18 19 21 22 24 25 27 29 30 32 33 35 36 38 39 41 42 43 45 46 48 
715 1 2 4 5 7 8 10 11 13 14 16 17 19 20 22 23 25 27 28 29 31 32 34 35 37 38 40 41 43 44 46 47 
716 2 3 5 6 7 9 11 12 14 15 17 18 19 21 22 24 25 27 28 30 31 33 35 36 38 39 41 42 43 45 46 48 
717 1 3 5 6 7 9 11 12 14 15 17 18 19 21 22 24 25 27 28 30 32 33 34 35 38 39 41 42 43 45 46 48 
718 2 3 4 6 7 9 11 12 14 15 17 18 19 21 22 24 25 27 28 30 31 33 35 36 38 39 41 42 43 45 46 48 
719 1 3 5 6 7 9 11 12 14 15 17 18 19 21 22 24 25 27 29 30 32 33 35 36 38 39 41 42 43 45 46 47 
720 1 3 4 5 8 9 10 12 13 15 16 18 19 21 22 24 26 27 29 30 32 33 34 36 37 38 40 42 43 44 46 47 
721 1 3 5 6 7 9 11 12 14 15 17 18 19 21 22 24 25 27 29 30 32 33 35 36 38 39 41 42 43 45 46 48 
722 2 3 4 5 8 9 10 12 13 15 16 18 20 21 23 24 26 27 29 30 32 33 34 36 37 39 40 42 44 45 46 47 
723 2 3 4 6 8 9 10 12 13 15 16 18 20 21 22 23 26 27 28 30 32 33 34 36 37 39 40 42 44 45 46 47 
724 2 3 5 6 8 9 11 12 14 15 16 18 19 21 22 24 25 27 29 30 31 33 35 36 38 39 40 42 43 45 46 48 
725 2 3 5 6 7 9 11 12 14 15 17 18 19 21 22 24 25 27 29 30 32 33 35 36 38 39 41 42 43 45 46 48 
726 2 3 5 6 7 9 11 12 14 15 16 18 19 21 22 23 25 27 28 30 31 33 35 36 38 39 41 42 43 45 46 48 
727 2 3 5 6 8 9 10 12 13 15 16 18 20 21 23 24 26 27 29 30 32 33 34 36 37 39 40 42 44 45 46 47 
728 2 3 5 6 7 9 11 12 14 15 16 18 19 21 22 24 25 27 29 30 31 33 34 36 38 39 40 42 43 45 46 47 
729 2 3 4 5 7 9 10 12 13 15 16 18 20 21 23 24 26 27 28 30 32 33 35 36 38 39 40 42 44 45 46 48 
730 2 3 5 6 7 9 11 12 14 15 17 18 19 21 22 24 25 27 28 30 31 33 35 36 37 38 41 42 43 45 46 47 
731 1 3 4 6 8 9 11 12 14 15 17 18 19 21 22 24 25 26 29 30 31 33 35 36 38 39 41 42 43 45 46 47 
732 2 3 5 6 7 9 11 12 14 15 17 18 19 21 22 24 25 27 29 30 32 33 35 36 38 39 40 42 43 45 46 48 
733 1 3 4 6 7 9 11 12 14 15 17 18 19 21 22 24 25 27 29 30 32 33 35 36 38 39 41 42 43 45 46 48 
734 1 3 5 6 7 9 11 12 14 15 16 18 19 21 22 24 25 27 28 30 31 33 35 36 38 39 41 42 43 45 46 48 
735 1 3 5 6 7 9 11 12 14 15 17 18 19 21 22 24 25 27 28 30 32 33 35 36 38 39 41 42 43 45 46 48 
736 2 3 5 6 7 9 10 12 13 15 16 18 19 21 23 24 26 27 29 30 32 33 34 36 37 39 40 42 44 45 46 48 
737 2 3 5 6 7 9 11 12 14 15 16 18 19 21 22 24 25 27 28 30 32 33 34 36 38 39 41 42 44 45 46 48 
738 2 3 5 6 8 9 10 12 13 15 16 18 20 21 23 24 26 27 28 30 32 33 34 36 38 39 40 42 44 45 46 48 
739 1 3 4 5 8 9 10 12 13 15 16 18 19 21 23 24 26 27 28 30 32 33 34 36 37 39 40 42 44 45 46 48 
740 2 3 5 6 7 9 11 12 14 15 17 18 19 21 22 24 25 27 29 30 32 33 34 35 38 39 41 42 43 45 46 48 
741 1 3 4 6 7 9 11 12 14 15 17 18 19 21 22 24 25 27 28 30 31 33 35 36 38 39 41 42 44 45 46 48 
742 2 3 5 6 7 9 11 12 14 15 16 18 19 21 22 24 25 27 29 30 32 33 35 36 38 39 41 42 43 45 46 48 
743 2 3 4 6 8 9 10 12 13 15 16 18 20 21 23 24 26 27 28 30 32 33 34 36 37 39 40 42 44 45 46 48 
744 2 3 5 6 7 9 11 12 14 15 17 18 19 21 22 24 25 27 29 30 31 33 35 36 38 39 41 42 43 45 46 48 
745 2 3 4 6 7 9 11 12 14 15 16 18 20 21 22 24 25 27 29 30 31 33 35 36 37 39 41 42 43 45 46 48 
746 1 3 4 6 8 9 10 12 13 15 16 18 20 21 23 24 26 27 28 30 32 33 34 36 37 39 40 42 44 45 46 48 
747 2 3 4 6 7 9 10 12 13 15 16 18 20 21 23 24 26 27 28 30 31 33 34 36 37 39 40 42 43 45 46 47 
748 1 3 4 6 7 9 11 12 13 15 16 18 20 21 23 24 25 26 28 30 32 33 35 36 38 39 40 42 43 45 46 47 
749 2 3 4 6 8 9 10 12 13 15 16 18 20 21 23 24 26 27 28 30 32 33 34 36 37 39 40 42 44 45 47 48 
750 1 3 4 5 7 9 11 12 14 15 17 18 19 21 22 24 25 27 29 30 31 32 35 36 38 39 41 42 43 45 46 47 
751 2 3 4 6 7 9 11 12 14 15 17 18 20 21 22 24 25 27 29 30 31 33 35 36 38 39 40 42 43 45 46 48 
752 2 3 5 6 7 9 11 12 14 15 17 18 19 21 22 24 25 27 29 30 32 33 35 36 38 39 41 42 43 45 46 47 
753 2 3 4 6 7 9 11 12 13 15 16 18 20 21 23 24 26 27 29 30 31 33 35 36 38 39 41 42 43 45 46 47 
754 1 3 5 6 7 9 11 12 14 15 17 18 19 21 22 24 25 27 29 30 31 33 35 36 38 39 41 42 43 45 46 47 
755 2 3 5 6 8 9 10 12 13 15 17 18 20 21 23 24 26 27 29 30 32 33 34 36 37 39 40 42 44 45 46 48 
756 2 3 4 6 8 9 10 12 13 15 16 18 20 21 23 24 26 27 28 30 32 33 34 35 37 39 40 42 44 45 47 48 
757 2 3 4 5 8 9 10 12 13 15 16 18 20 21 23 24 26 27 29 30 32 33 34 36 37 39 40 42 44 45 46 48 
758 2 3 5 6 7 9 11 12 14 15 16 18 19 21 22 24 25 27 29 30 31 33 35 36 38 39 40 42 43 45 46 48 
759 1 3 5 6 7 9 11 12 14 15 17 18 19 21 22 24 25 27 29 30 32 33 35 36 38 39 41 42 43 44 46 48 
760 2 3 4 6 8 9 10 12 13 15 16 18 20 21 23 24 26 27 29 30 32 33 34 36 37 39 40 41 44 45 46 48 
761 2 3 4 6 7 9 10 12 13 15 16 18 19 21 23 24 25 27 28 30 32 33 34 36 37 39 40 42 44 45 46 48 
762 2 3 4 6 8 9 10 12 13 15 16 18 20 21 23 24 26 27 29 30 32 33 34 36 37 39 40 42 44 45 46 48 
763 2 3 4 6 8 9 10 12 13 15 16 18 20 21 23 24 25 27 28 30 32 33 34 36 37 39 40 42 44 45 46 48 
764 2 3 4 6 7 9 11 12 14 15 17 18 19 21 22 24 26 27 29 30 31 33 35 36 38 39 41 42 43 45 46 47 
765 2 3 4 6 8 9 10 12 13 15 16 18 20 21 23 24 26 27 28 30 32 33 34 36 37 39 40 42 44 45 46 48 
766 2 3 5 6 7 9 11 12 14 15 16 18 19 21 22 24 25 27 28 30 32 33 34 36 38 39 40 42 43 45 46 47 
767 2 3 5 6 8 9 10 12 13 15 16 18 20 21 23 24 26 27 28 30 32 33 34 36 38 39 40 42 44 45 46 48 
768 2 3 5 6 7 9 11 12 14 15 17 18 19 21 22 24 25 27 29 30 32 33 35 36 38 39 41 42 43 45 46 48 
769 1 3 5 6 7 9 11 12 14 15 16 18 19 21 22 24 26 27 29 30 32 33 34 36 37 39 41 42 44 45 46 48 
770 1 3 4 6 7 9 11 12 14 15 17 18 19 21 22 24 25 26 28 30 32 33 35 36 38 39 41 42 43 45 46 47 
771 2 3 5 6 8 9 10 12 13 15 16 18 19 21 23 24 26 27 28 30 32 33 35 36 38 39 40 42 43 45 46 48 
772 2 3 5 6 8 9 10 12 14 15 16 18 19 21 22 23 25 27 29 30 32 33 34 36 37 39 40 42 44 45 46 48 
773 1 3 5 6 7 9 11 12 14 15 17 18 19 21 22 24 25 27 28 30 31 33 35 36 38 39 40 42 43 45 46 48 
774 2 3 5 6 8 9 11 12 13 15 16 18 19 21 23 24 26 27 29 30 32 33 34 35 38 39 40 42 43 45 46 48 
775 2 3 4 6 7 9 11 12 14 15 17 18 19 21 22 24 25 26 28 30 32 33 35 36 37 39 41 42 43 45 46 48 
776 1 3 5 6 7 9 11 12 14 15 17 18 20 21 22 24 25 27 28 30 32 33 35 36 38 39 41 42 43 45 46 48 
777 1 3 5 6 7 9 11 12 14 15 17 18 19 21 22 24 25 27 28 30 31 33 35 36 38 39 41 42 43 45 46 48 
778 2 3 5 6 7 9 11 12 13 15 17 18 19 21 22 24 25 27 29 30 32 33 35 36 38 39 40 42 43 44 46 48 
779 2 3 4 6 8 9 10 12 13 15 16 18 19 20 23 24 26 27 29 30 32 33 34 35 37 39 40 42 44 45 47 48 
780 1 2 4 5 7 8 10 11 13 14 16 17 19 20 22 23 25 26 28 29 31 32 34 35 37 38 40 41 43 44 46 47 
781 1 3 5 6 7 9 11 12 14 15 17 18 19 21 22 24 25 26 29 30 31 33 35 36 38 39 41 42 43 45 46 48 
782 2 3 4 6 8 9 10 12 13 15 16 18 20 21 23 24 26 27 29 30 32 33 34 36 37 39 40 42 44 45 47 48 
783 2 3 4 6 8 9 10 12 13 15 16 18 20 21 23 24 26 27 29 30 32 33 34 36 37 39 40 42 44 45 47 48 
784 1 3 4 6 7 9 11 12 14 15 16 18 19 21 22 24 25 27 29 30 32 33 35 36 38 39 41 42 43 45 46 48 
785 2 3 4 6 8 9 10 12 13 15 16 18 20 21 23 24 26 27 29 30 32 33 34 36 37 39 40 42 44 45 46 48 
786 1 3 5 6 7 9 11 12 14 15 17 18 19 21 22 24 25 27 28 30 32 33 35 36 38 39 41 42 44 45 46 48 
787 1 3 5 6 7 9 11 12 14 15 17 18 19 21 22 24 25 27 28 30 32 33 35 36 38 39 40 42 43 45 46 48 
788 2 3 5 6 8 9 10 12 13 15 17 18 20 21 23 24 26 27 29 30 32 33 34 36 38 39 40 42 44 45 47 48 
789 2 3 5 6 8 9 10 12 13 15 17 18 20 21 23 24 26 27 29 30 32 33 34 36 38 39 40 42 43 44 46 48 
790 2 3 5 6 7 9 11 12 14 15 17 18 19 21 22 24 25 27 29 30 31 33 35 36 38 39 41 42 43 45 46 48 
791 1 3 5 6 7 9 11 12 14 15 17 18 19 21 22 24 25 27 29 30 32 33 35 36 38 39 41 42 44 45 46 48 
792 1 3 5 6 7 9 11 12 14 15 17 18 19 21 22 24 25 27 28 30 32 33 35 36 38 39 41 42 44 45 46 48 
793 1 3 5 6 7 9 11 12 14 15 16 17 19 21 22 24 25 27 29 30 31 32 34 35 38 39 40 41 43 44 46 47 
794 1 3 5 6 7 9 11 12 14 15 17 18 19 21 22 24 25 27 28 30 32 33 35 36 37 38 41 42 43 45 46 48 
795 1 3 5 6 7 9 11 12 14 15 17 18 19 21 22 24 25 27 29 30 32 33 35 36 38 39 41 42 43 45 46 47 
796 1 3 5 6 7 9 11 12 14 15 17 18 19 21 22 24 25 27 29 30 32 33 35 36 38 39 41 42 43 45 46 47 
797 1 3 5 6 7 9 11 12 14 15 17 18 19 21 22 24 25 27 28 30 32 33 35 36 38 39 41 42 44 45 46 48 
798 2 3 5 6 8 9 10 12 13 15 16 18 20 21 23 24 26 27 28 30 32 33 34 36 38 39 40 42 44 45 46 48 
799 1 3 5 6 8 9 11 12 14 15 17 18 19 21 22 24 25 27 28 30 32 33 35 36 38 39 40 42 44 45 46 48 
800 1 3 5 6 7 9 11 12 14 15 17 18 19 21 22 24 25 27 29 30 32 33 35 36 38 39 41 42 43 45 46 47 
801 1 3 5 6 7 9 11 12 14 15 17 18 19 21 22 24 25 27 29 30 32 33 35 36 38 39 41 42 44 45 46 48 
802 1 3 4 6 7 9 11 12 14 15 17 18 19 21 22 24 25 27 29 30 32 33 35 36 38 39 41 42 43 45 46 48 
803 2 3 4 6 7 9 11 12 14 15 16 18 19 21 22 24 25 27 29 30 31 32 35 36 38 39 41 42 44 45 46 48 
804 1 3 5 6 7 9 11 12 14 15 17 18 19 21 22 24 25 27 28 30 32 33 35 36 38 39 41 42 43 45 46 47 
805 2 3 5 6 8 9 10 12 13 15 17 18 19 21 22 24 26 27 28 30 32 33 34 36 37 39 40 42 43 44 46 48 
806 1 3 5 6 8 9 10 12 13 15 17 18 19 21 23 24 26 27 28 30 32 33 35 36 38 39 40 42 43 45 46 48 
807 2 3 5 6 7 9 11 12 13 15 16 18 20 21 23 24 26 27 29 30 31 32 35 36 37 39 40 42 44 45 47 48 
808 2 3 5 6 8 9 10 12 13 15 16 18 20 21 23 24 26 27 29 30 32 33 34 36 37 39 40 42 43 45 47 48 
809 2 3 5 6 7 9 10 12 13 15 16 18 19 21 22 24 26 27 28 30 32 33 35 36 38 39 40 42 44 45 46 48 
810 2 3 5 6 8 9 10 12 13 15 16 18 20 21 23 24 26 27 29 30 32 33 34 36 37 39 40 42 44 45 46 48 
811 2 3 5 6 8 9 10 12 13 15 16 18 20 21 23 24 26 27 28 30 32 33 34 36 37 39 40 42 44 45 47 48 
812 2 3 5 6 7 9 11 12 14 15 17 18 19 21 22 24 25 27 28 30 32 33 35 36 38 39 40 42 44 45 46 48 
813 1 3 5 6 7 9 10 12 13 15 16 18 19 21 22 24 26 27 29 30 32 33 35 36 38 39 40 42 44 45 46 47 
814 1 3 5 6 8 9 10 12 13 15 16 18 20 21 23 24 26 27 28 30 32 33 34 35 37 39 40 42 44 45 47 48 
815 2 3 5 6 8 9 10 12 13 15 16 18 20 21 23 24 26 27 29 30 32 33 34 36 37 39 40 42 44 45 46 48 
816 2 3 5 6 7 9 11 12 14 15 16 18 19 21 22 24 25 27 28 30 31 33 35 36 38 39 41 42 43 44 46 48 
817 2 3 5 6 7 9 11 12 14 15 16 18 19 21 22 24 25 27 28 30 31 33 35 36 38 39 41 42 43 45 46 48 
818 2 3 5 6 7 9 11 12 14 15 16 18 19 20 22 24 25 26 28 30 31 33 34 36 38 39 40 42 43 45 46 47 
819 1 3 4 6 7 9 10 11 14 15 16 18 19 21 22 24 25 27 29 30 31 33 35 36 37 39 41 42 43 44 46 48 
820 1 3 4 6 7 9 11 12 13 15 16 18 20 21 22 24 26 27 28 30 31 33 35 36 37 39 40 42 43 45 46 48 
821 1 3 4 6 7 9 11 12 13 15 16 18 20 21 22 24 26 27 28 30 31 33 35 36 37 39 40 42 44 45 46 47 
822 1 3 5 6 7 9 11 12 13 14 16 18 19 20 22 24 25 27 28 30 32 33 35 36 37 39 40 42 44 45 46 48 
823 1 3 5 6 7 9 11 12 14 15 16 18 19 21 22 24 25 27 28 30 32 33 34 35 38 39 40 42 44 45 46 48 
824 1 3 5 6 7 9 11 12 14 15 16 18 19 21 22 24 26 27 28 30 31 33 35 36 37 39 40 42 43 45 46 48 
825 1 3 4 6 7 9 11 12 14 15 16 18 19 21 22 24 25 27 28 30 31 33 35 36 37 39 40 42 43 45 46 48 
826 2 3 4 6 7 9 11 12 14 15 16 18 19 21 22 24 26 27 28 30 31 33 35 36 37 39 40 42 44 45 46 47 
827 2 3 4 6 8 9 10 12 13 15 16 18 19 20 22 23 26 27 28 30 32 33 34 36 37 38 40 41 43 44 46 47 
828 2 3 5 6 7 9 10 12 13 15 16 18 20 21 23 24 26 27 28 30 32 33 34 36 37 39 40 42 43 45 46 48 
829 1 3 4 6 7 9 11 12 14 15 16 18 19 21 22 24 25 27 28 30 32 33 35 36 37 38 41 42 43 45 46 47 
830 2 3 4 6 8 9 11 12 14 15 17 18 19 21 22 24 25 27 28 30 31 33 35 36 38 39 41 42 43 45 46 48 
831 2 3 4 6 7 9 11 12 14 15 16 18 19 21 22 24 25 27 28 30 32 33 35 36 37 39 40 42 43 45 46 48 
832 2 3 5 6 8 9 10 12 13 15 17 18 19 21 22 24 25 27 28 30 32 33 34 36 37 39 40 42 44 45 46 48 
833 2 3 5 6 7 8 11 12 14 15 16 18 19 21 22 24 25 27 29 30 32 33 35 36 38 39 41 42 43 45 46 48 
834 2 3 5 6 8 9 10 12 13 15 16 18 19 21 23 24 26 27 28 30 32 33 34 36 37 39 40 42 44 45 46 48 
835 2 3 5 6 8 9 10 12 13 15 16 18 20 21 23 24 26 27 29 30 32 33 34 36 37 39 40 42 44 45 47 48 
836 2 3 4 6 8 9 10 12 13 15 16 18 20 21 23 24 26 27 28 30 32 33 34 36 37 39 40 42 44 45 46 47 
837 2 3 5 6 8 9 10 12 13 15 16 18 20 21 23 24 26 27 28 30 32 33 34 36 37 39 40 42 44 45 47 48 
838 2 3 5 6 8 9 10 12 13 15 16 18 20 21 23 24 26 27 29 30 32 33 34 36 37 39 40 42 44 45 47 48 
839 1 3 5 6 7 9 11 12 14 15 16 18 19 21 22 24 25 27 29 30 32 33 35 36 38 39 40 42 44 45 46 47 
840 2 3 5 6 8 9 10 12 13 15 16 18 20 21 23 24 26 27 28 30 32 33 34 36 37 39 40 42 44 45 47 48 
841 1 3 5 6 8 9 11 12 14 15 16 18 19 21 22 24 25 27 28 30 32 33 35 36 38 39 40 42 43 45 46 48 
842 2 3 5 6 8 9 10 12 13 15 16 18 20 21 23 24 26 27 28 30 32 33 34 36 37 39 40 42 43 45 47 48 
843 2 3 5 6 7 9 11 12 14 15 16 18 19 21 22 24 25 27 28 30 32 33 35 36 37 39 41 42 44 45 46 48 
844 1 3 4 6 7 9 11 12 14 15 17 18 19 21 22 24 25 27 28 30 32 33 35 36 38 39 41 42 43 45 46 48 
845 2 3 4 6 7 9 10 12 13 15 16 18 20 21 23 24 26 27 28 30 32 33 34 36 37 39 40 42 44 45 46 48 
846 2 3 4 6 8 9 10 12 13 15 16 18 19 21 22 24 26 27 29 30 31 33 34 36 37 39 40 42 43 45 46 48 
847 2 3 4 6 7 9 10 12 13 15 16 18 19 21 22 23 26 27 29 30 32 33 35 36 37 38 40 41 43 45 46 47 
848 2 3 5 6 8 9 11 12 14 15 16 18 20 21 22 24 25 27 29 30 31 33 34 36 37 39 40 42 43 45 47 48 
849 1 3 5 6 8 9 11 12 14 15 17 18 19 21 22 24 25 27 28 30 32 33 35 36 38 39 41 42 43 45 46 48 
850 2 3 5 6 7 9 11 12 14 15 17 18 19 21 22 24 25 27 29 30 32 33 35 36 38 39 41 42 43 45 46 47 
851 1 3 5 6 7 9 11 12 14 15 17 18 19 21 22 24 25 27 29 30 32 33 35 36 38 39 41 42 43 45 46 47 
852 2 3 4 6 7 9 11 12 14 15 16 18 20 21 22 24 25 27 28 30 32 33 35 36 37 39 40 42 44 45 46 48 
853 1 3 4 6 7 9 11 12 14 15 17 18 19 21 22 24 25 27 28 30 32 33 35 36 37 39 41 42 44 45 46 48 
854 1 3 4 6 7 9 11 12 13 14 16 18 20 21 22 23 26 27 29 30 31 33 35 36 37 39 40 42 44 45 46 47 
855 1 3 4 6 7 9 11 12 13 15 16 18 20 21 22 24 25 26 28 30 32 33 35 36 37 39 40 42 44 45 46 47 
856 2 3 4 6 8 9 10 12 13 15 16 18 20 21 23 24 26 27 29 30 31 33 34 36 37 39 40 42 44 45 47 48 
857 2 3 4 6 8 9 11 12 13 15 16 18 20 21 23 24 25 26 29 30 32 33 34 36 37 39 40 42 44 45 46 48 
858 1 3 4 6 8 9 10 12 14 15 17 18 19 21 22 24 25 27 29 30 31 33 35 36 38 39 40 42 44 45 46 48 
859 2 3 4 6 8 9 10 12 13 15 16 18 20 21 23 24 26 27 29 30 32 33 34 36 37 39 40 42 44 45 46 48 
860 1 3 4 6 7 9 11 12 14 15 17 18 19 21 22 24 25 27 29 30 31 33 35 36 38 39 41 42 44 45 46 48 
861 1 3 4 5 7 9 11 12 14 15 16 18 19 21 22 24 25 27 28 30 32 33 35 36 38 39 41 42 43 45 46 47 
862 2 3 4 6 8 9 10 12 13 15 16 18 20 21 23 24 26 27 28 30 32 33 34 36 37 39 40 42 44 45 47 48 
863 1 3 4 5 7 9 11 12 14 15 17 18 19 21 22 24 25 27 29 30 32 33 35 36 38 39 41 42 43 45 46 47 
864 1 3 5 6 7 9 11 12 14 15 17 18 19 21 22 24 25 27 29 30 31 33 35 36 38 39 41 42 43 45 46 47 
865 2 3 5 6 7 9 11 12 14 15 17 18 19 21 22 24 25 27 29 30 32 33 35 36 38 39 41 42 43 45 46 48 
866 2 3 4 6 7 9 11 12 14 15 16 18 19 21 22 24 25 26 29 30 31 33 34 36 38 39 41 42 43 45 46 48 
867 2 3 5 6 8 9 10 12 13 15 16 18 20 21 23 24 26 27 28 30 31 33 34 36 37 39 40 42 44 45 46 47 
868 2 3 5 6 7 9 11 12 14 15 16 18 19 21 22 24 26 27 29 30 31 33 35 36 38 39 40 42 43 44 46 48 
869 1 3 5 6 7 9 11 12 14 15 17 18 19 21 22 24 25 27 29 30 32 33 35 36 38 39 41 42 43 45 46 48 
870 1 3 5 6 7 9 11 12 14 15 17 18 19 21 22 24 25 27 28 30 32 33 35 36 38 39 40 42 43 45 46 48 
871 1 3 5 6 8 9 10 12 13 15 16 18 20 21 23 24 26 27 29 30 31 33 34 36 37 39 40 42 44 45 47 48 
872 2 3 5 6 8 9 10 12 13 15 16 18 20 21 23 24 26 27 28 30 31 33 34 36 38 39 40 42 44 45 46 48 
873 2 3 4 5 7 9 10 11 14 15 16 18 19 21 22 24 25 27 28 30 31 33 35 36 37 38 40 41 43 45 46 48 
874 2 3 4 6 7 9 11 12 13 15 16 17 19 21 23 24 26 27 28 30 31 33 35 36 37 39 41 42 43 45 46 48 
875 2 3 5 6 8 9 10 12 13 15 17 18 19 21 23 24 25 27 28 30 32 33 35 36 38 39 40 42 44 45 46 48 
876 2 3 5 6 7 9 11 12 14 15 17 18 19 21 22 24 25 27 28 30 31 33 35 36 38 39 41 42 43 45 46 48 
877 2 3 5 6 8 9 10 12 13 15 16 18 19 21 23 24 26 27 28 30 32 33 34 36 38 39 40 42 43 45 46 48 
878 2 3 5 6 8 9 10 12 13 15 16 18 20 21 23 24 26 27 28 30 32 33 34 36 37 39 40 42 44 45 46 48 
879 1 3 5 6 8 9 10 12 13 15 16 18 20 21 23 24 26 27 28 30 32 33 34 36 37 39 40 42 44 45 47 48 
880 1 3 5 6 7 9 11 12 14 15 17 18 19 21 22 24 25 27 28 30 32 33 34 36 38 39 41 42 43 45 46 47 
881 2 3 4 6 7 9 10 12 13 15 16 18 19 21 22 24 25 27 29 30 32 33 34 36 37 39 40 42 44 45 46 48 
882 2 3 4 6 8 9 11 12 14 15 16 18 19 21 23 24 25 27 29 30 31 33 35 36 38 39 41 42 43 45 46 48 
883 2 3 5 6 7 9 10 12 13 15 16 18 19 21 22 24 25 27 28 30 32 33 34 36 37 39 40 42 43 45 46 48 
884 2 3 4 6 8 9 10 12 14 15 16 18 19 21 22 24 25 27 29 30 31 33 35 36 37 39 41 42 43 45 46 47 
885 2 3 5 6 7 9 10 12 13 15 16 18 19 21 23 24 26 27 28 30 31 33 34 36 37 39 40 42 44 45 46 48 
886 2 3 4 6 7 9 11 12 14 15 16 18 19 21 22 24 25 27 28 30 32 33 34 35 38 39 41 42 43 45 46 48 
887 1 3 5 6 7 9 10 12 14 15 17 18 20 21 22 24 25 27 28 30 32 33 35 36 38 39 40 42 43 45 46 48 
888 2 3 5 6 8 9 10 12 13 15 16 18 20 21 23 24 26 27 29 30 32 33 34 36 37 39 40 42 44 45 47 48 
889 2 3 5 6 8 9 10 12 13 15 16 18 20 21 23 24 26 27 29 30 32 33 34 36 37 39 40 42 44 45 47 48 
890 1 3 4 6 7 9 11 12 14 15 16 18 19 21 22 24 25 27 28 30 31 33 34 36 37 39 40 42 44 45 46 47 
891 2 3 5 6 8 9 10 12 13 15 16 18 20 21 23 24 26 27 28 30 31 32 34 36 37 39 40 42 44 45 46 48 
892 1 3 5 6 7 9 11 12 14 15 16 18 19 21 22 24 25 27 28 30 32 33 35 36 37 39 41 42 44 45 46 48 
893 1 3 5 6 7 9 11 12 13 15 16 18 19 21 23 24 25 27 28 30 32 33 35 36 37 39 40 42 44 45 46 47 
894 1 3 4 6 7 9 11 12 14 15 16 18 19 21 22 24 25 27 28 30 31 33 34 36 37 39 41 42 44 45 46 48 
895 1 3 4 6 8 9 10 12 13 15 16 18 20 21 23 24 26 27 28 30 31 33 35 36 37 39 41 42 44 45 47 48 
896 1 3 4 6 8 9 10 12 13 15 16 18 20 21 23 24 26 27 29 30 31 33 35 36 37 39 40 42 44 45 46 48 
897 2 3 4 6 8 9 11 12 13 15 16 18 20 21 23 24 26 27 28 30 31 33 35 36 37 39 40 42 44 45 47 48 
898 1 3 5 6 7 9 11 12 14 15 17 18 19 21 22 24 26 27 28 30 31 33 35 36 38 39 41 42 44 45 46 47 
899 1 3 4 6 7 9 11 12 13 15 16 18 19 21 22 24 26 27 28 30 31 33 35 36 38 39 41 42 43 45 46 47 
900 2 3 4 6 7 9 11 12 14 15 16 18 19 21 22 24 26 27 28 30 32 33 35 36 38 39 41 42 43 45 46 48 
901 2 3 4 6 8 9 10 12 13 15 16 18 20 21 23 24 26 27 29 30 32 33 35 36 37 39 40 42 44 45 46 48 
902 1 3 4 6 7 9 11 12 13 14 16 18 19 21 22 24 26 27 28 30 31 32 34 35 38 39 41 42 43 45 46 48 
903 1 3 4 6 7 9 11 12 13 14 17 18 19 21 22 24 25 27 28 30 32 33 35 36 38 39 41 42 43 45 46 47 
904 2 3 4 6 7 9 10 12 13 15 16 18 20 21 23 24 26 27 29 30 31 33 34 36 37 38 40 42 44 45 47 48 
905 2 3 4 6 7 9 10 11 13 15 16 18 20 21 22 24 26 27 28 30 31 32 35 36 37 39 40 42 43 44 46 48 
906 2 3 4 6 8 9 10 12 13 15 16 18 20 21 23 24 26 27 29 30 32 33 34 36 37 39 40 42 44 45 46 48 
907 2 3 4 6 8 9 10 12 13 15 16 18 20 21 23 24 26 27 29 30 31 33 34 36 38 39 40 42 44 45 47 48 
908 1 3 4 5 7 9 11 12 14 15 17 18 19 21 22 24 25 27 29 30 31 33 35 36 38 39 41 42 43 45 46 48 
909 2 3 4 6 8 9 10 12 13 15 16 18 19 20 22 23 26 27 29 30 31 32 34 35 37 39 40 41 43 44 46 47 
910 2 3 5 6 8 9 10 12 13 15 16 18 20 21 23 24 26 27 29 30 32 33 34 36 37 39 40 42 44 45 46 48 
911 2 3 5 6 8 9 10 12 13 15 16 18 20 21 23 24 26 27 29 30 32 33 34 36 37 39 40 42 44 45 46 48 
912 1 3 4 6 7 9 11 12 14 15 16 18 19 20 22 24 25 27 29 30 31 33 35 36 37 39 41 42 43 45 46 48 
913 1 3 4 6 7 9 11 12 13 15 16 18 19 21 22 24 25 27 28 30 31 33 35 36 37 39 40 42 44 45 46 47 
914 1 3 4 6 8 9 10 12 13 15 16 18 20 21 23 24 26 27 29 30 31 33 35 36 37 39 40 42 44 45 46 47 
915 1 3 4 6 7 9 11 12 13 15 16 18 20 21 22 24 25 27 28 30 31 33 35 36 38 39 41 42 44 45 46 48 
916 1 3 4 6 7 9 10 12 13 15 16 18 20 21 23 24 26 27 29 30 31 33 34 36 37 39 40 42 44 45 46 48 
917 1 3 4 6 8 9 11 12 13 15 16 18 20 21 23 24 26 27 29 30 31 33 34 36 37 39 40 42 43 45 47 48 
918 2 3 4 5 7 9 11 12 13 15 16 18 20 21 22 24 26 27 29 30 31 33 35 36 38 39 41 42 44 45 46 47 
919 1 3 4 6 7 9 11 12 13 15 16 18 20 21 22 24 25 27 29 30 31 33 35 36 38 39 40 42 44 45 46 47 
920 2 3 4 6 7 9 10 12 13 15 16 18 20 21 23 24 26 27 29 30 32 33 34 36 37 39 40 42 44 45 46 47 
921 1 3 5 6 7 9 11 12 14 15 17 18 19 21 22 24 25 27 28 29 31 33 35 36 38 39 41 42 43 45 46 47 
922 1 2 4 5 8 9 11 12 13 14 16 18 19 20 23 24 26 27 29 30 31 33 34 36 38 39 40 42 44 45 46 47 
923 1 3 4 6 8 9 11 12 14 15 17 18 20 21 22 24 25 27 29 30 31 33 35 36 38 39 41 42 43 45 47 48 
924 1 3 4 6 8 9 10 12 13 15 16 18 20 21 23 24 26 27 29 30 31 33 34 36 37 39 40 42 44 45 46 48 
925 1 2 4 5 7 8 10 11 14 15 16 18 20 21 22 24 25 27 29 30 32 33 34 36 37 39 41 42 44 45 46 47 
926 1 3 4 6 7 8 10 11 13 14 16 18 20 21 23 24 26 27 29 30 31 33 35 36 37 39 41 42 44 45 46 48 
927 1 3 4 6 7 9 10 11 14 15 17 18 20 21 22 24 26 27 29 30 31 33 34 35 38 39 41 42 43 45 46 48 
928 1 3 4 6 7 9 11 12 13 15 16 18 20 21 22 24 26 27 29 30 31 33 35 36 37 39 41 42 43 45 46 48 
929 1 3 4 6 8 9 11 12 13 15 16 17 20 21 23 24 26 27 29 30 31 33 35 36 37 39 40 42 44 45 46 48 
930 2 3 4 6 7 9 11 12 13 15 16 18 20 21 22 24 26 27 29 30 32 33 35 36 38 39 41 42 44 45 46 48 
931 2 3 4 6 8 9 10 12 13 14 16 18 20 21 23 24 26 27 28 30 32 33 34 36 37 39 40 42 44 45 47 48 
932 2 3 4 6 8 9 10 12 13 15 16 18 20 21 22 23 26 27 29 30 31 32 34 35 37 38 40 42 44 45 46 47 
933 2 3 4 6 8 9 10 12 13 15 16 18 20 21 23 24 26 27 28 30 31 33 34 36 37 39 40 42 44 45 47 48 
934 1 2 5 6 7 9 10 12 14 15 16 18 19 21 22 24 25 27 28 30 32 33 34 36 38 39 40 42 44 45 46 48 
935 2 3 4 6 8 9 10 12 13 15 16 18 20 21 23 24 26 27 28 30 32 33 34 36 37 38 40 42 44 45 47 48 
936 1 3 4 6 8 9 10 12 13 15 16 18 20 21 23 24 26 27 28 30 32 33 34 36 37 39 40 42 44 45 46 48 
937 2 3 5 6 8 9 10 12 13 15 16 18 20 21 23 24 26 27 29 30 32 33 34 36 37 39 40 42 44 45 46 48 
938 1 3 5 6 7 9 11 12 13 15 16 18 20 21 23 24 25 27 28 30 32 33 35 36 37 39 40 42 44 45 46 48 
939 2 3 5 6 8 9 10 12 13 15 16 18 20 21 23 24 26 27 29 30 31 33 34 36 37 39 40 42 44 45 47 48 
940 1 3 5 6 7 9 11 12 14 15 16 18 19 21 22 24 25 27 29 30 32 33 34 36 37 38 40 42 43 45 46 48 
941 2 3 5 6 8 9 10 12 13 15 16 18 20 21 23 24 26 27 29 30 32 33 34 36 37 39 40 42 44 45 47 48 
942 2 3 5 6 8 9 10 12 13 15 16 18 20 21 23 24 26 27 29 30 31 33 34 36 37 39 40 42 44 45 46 48 
943 1 3 5 6 7 9 11 12 14 15 16 18 19 21 22 24 25 27 28 30 31 33 35 36 38 39 41 42 44 45 46 48 
944 2 3 5 6 8 9 10 12 13 15 16 18 20 21 23 24 26 27 28 30 32 33 34 36 37 39 40 42 44 45 46 48 
945 1 3 4 6 7 9 10 12 13 15 16 18 19 21 22 24 26 27 28 30 31 32 34 35 37 38 40 42 44 45 46 48 
946 1 3 4 6 7 9 11 12 14 15 17 18 19 21 22 24 25 27 29 30 32 33 35 36 38 39 41 42 44 45 46 48 
947 2 3 4 6 7 9 11 12 14 15 16 18 19 21 22 24 25 26 28 30 32 33 35 36 38 39 41 42 44 45 46 48 
948 1 3 4 6 8 9 10 12 13 15 16 18 20 21 23 24 26 27 28 30 32 33 35 36 37 39 40 42 44 45 46 48 
949 1 3 4 6 7 9 11 12 14 15 17 18 19 21 22 24 25 27 28 30 31 33 35 36 37 39 41 42 44 45 46 48 
950 1 3 4 6 7 9 11 12 14 15 17 18 19 21 22 24 26 27 28 30 32 33 35 36 38 39 41 42 44 45 46 48 
951 1 3 4 6 7 9 11 12 14 15 17 18 19 21 22 24 25 27 29 30 32 33 35 36 38 39 41 42 44 45 46 48 
952 1 3 4 6 7 9 10 12 13 15 16 18 19 21 22 24 26 27 28 30 32 33 35 36 37 39 40 42 44 45 46 48 
953 2 3 4 6 7 9 11 12 13 15 16 18 19 21 22 24 26 27 29 30 31 33 35 36 37 39 41 42 43 45 46 48 
954 2 3 5 6 7 9 11 12 14 15 16 18 19 21 22 24 25 27 29 30 31 33 35 36 38 39 41 42 43 45 46 48 
955 2 3 4 6 7 9 11 12 14 15 16 18 19 21 22 24 25 27 29 30 31 33 35 36 38 39 40 42 43 45 46 48 
956 2 3 4 6 7 9 11 12 14 15 16 17 19 21 22 24 25 27 28 30 31 33 35 36 37 38 40 42 43 45 46 48 
957 2 3 5 6 7 9 11 12 14 15 17 18 19 21 22 24 26 27 28 30 31 33 35 36 38 39 41 42 43 45 46 47 
958 1 3 5 6 7 9 11 12 14 15 17 18 19 21 22 24 25 27 28 30 32 33 35 36 38 39 41 42 43 45 46 48 
959 2 3 5 6 8 9 10 12 13 15 16 18 19 21 22 24 26 27 28 30 32 33 34 36 37 39 40 42 44 45 46 48 
960 1 2 4 5 7 8 11 12 14 15 17 18 19 21 22 24 25 27 28 30 32 33 35 36 37 39 41 42 43 45 46 48 
961 1 3 5 6 7 9 11 12 13 14 17 18 19 21 22 24 25 27 28 30 32 33 34 36 38 39 40 41 43 45 46 48 
962 2 3 5 6 7 9 10 12 13 15 16 18 20 21 23 24 25 27 28 30 32 33 34 36 37 39 40 42 44 45 46 48 
963 2 3 5 6 7 9 11 12 14 15 17 18 19 21 22 24 25 27 28 30 32 33 35 36 38 39 41 42 44 45 46 48 
964 2 3 4 5 8 9 10 12 13 15 16 18 20 21 23 24 26 27 29 30 31 33 34 36 37 39 40 42 44 45 46 48 
965 2 3 5 6 8 9 10 12 13 15 16 18 19 20 22 23 25 26 28 29 32 33 34 36 37 39 40 42 44 45 46 48 
966 2 3 4 6 8 9 10 12 13 15 16 18 20 21 23 24 26 27 28 30 32 33 34 36 37 39 40 42 43 44 47 48 
1 534 536 541 545 548 549 551 552 553 554 555 556 557 558 559 560 561 563 564 566 568 569 571 572 573 574 575 576 577 578 579 580 582 584 585 586 592 594 595 596 597 600 601 602 603 604 605 606 610 612 613 622 623 624 625 626 627 629 630 632 633 634 635 636 637 640 641 646 648 649 655 661 662 671 675 682 683 687 688 696 698 699 701 702 706 710 711 712 714 715 717 719 720 721 731 733 734 735 739 741 746 748 750 754 759 769 770 773 776 777 780 781 784 786 787 791 792 793 794 795 796 797 799 800 801 802 804 806 813 814 819 820 821 822 823 824 825 829 839 841 844 849 851 853 854 855 858 860 861 863 864 869 870 871 879 880 887 890 892 893 894 895 896 898 899 902 903 908 912 913 914 915 916 917 919 921 922 923 924 925 926 927 928 929 934 936 938 940 943 945 946 948 949 950 951 952 958 960 961 
2 532 533 534 535 537 538 539 540 542 543 544 546 547 550 562 565 567 570 581 583 587 588 589 590 591 593 598 599 607 608 609 611 614 615 616 617 618 619 620 621 628 631 636 638 639 642 643 644 645 647 650 651 652 653 654 656 657 658 659 660 661 663 664 665 666 667 668 669 670 672 673 674 675 676 677 678 679 680 681 684 685 686 689 690 691 692 693 694 695 697 700 703 704 705 707 708 709 710 712 713 715 716 718 722 723 724 725 726 727 728 729 730 732 736 737 738 740 742 743 744 745 747 749 751 752 753 755 756 757 758 760 761 762 763 764 765 766 767 768 771 772 774 775 778 779 780 782 783 785 788 789 790 798 803 805 807 808 809 810 811 812 815 816 817 818 826 827 828 830 831 832 833 834 835 836 837 838 840 842 843 845 846 847 848 850 852 856 857 859 862 865 866 867 868 872 873 874 875 876 877 878 881 882 883 884 885 886 888 889 891 897 900 901 904 905 906 907 909 910 911 918 920 922 925 930 931 932 933 934 935 937 939 941 942 944 947 953 954 955 956 957 959 960 962 963 964 965 966 
3 532 533 535 536 537 538 539 540 541 542 543 544 545 546 547 548 549 550 551 552 553 554 555 556 557 558 559 560 561 562 563 564 565 566 567 568 569 570 571 572 573 574 575 576 577 578 579 580 581 582 583 584 585 586 587 588 589 590 591 592 593 594 595 596 597 598 599 600 601 602 603 604 605 606 607 608 609 610 611 612 613 614 615 616 617 618 619 620 621 622 623 624 625 626 627 628 629 630 631 632 633 634 635 637 638 639 640 641 642 643 644 645 646 647 648 649 650 651 652 653 654 655 656 657 658 659 660 662 663 664 665 666 667 668 669 670 671 672 673 674 676 677 678 679 680 681 682 683 684 685 686 687 688 689 690 691 692 693 694 695 696 697 698 699 700 701 702 703 704 705 706 707 708 709 711 713 714 716 717 718 719 720 721 722 723 724 725 726 727 728 729 730 731 732 733 734 735 736 737 738 739 740 741 742 743 744 745 746 747 748 749 750 751 752 753 754 755 756 757 758 759 760 761 762 763 764 765 766 767 768 769 770 771 772 773 774 775 776 777 778 779 781 782 783 784 785 786 787 788 789 790 791 792 793 794 795 796 797 798 799 800 801 802 803 804 805 806 807 808 809 810 811 812 813 814 815 816 817 818 819 820 821 822 823 824 825 826 827 828 829 830 831 832 833 834 835 836 837 838 839 840 841 842 843 844 845 846 847 848 849 850 851 852 853 854 855 856 857 858 859 860 861 862 863 864 865 866 867 868 869 870 871 872 873 874 875 876 877 878 879 880 881 882 883 884 885 886 887 888 889 890 891 892 893 894 895 896 897 898 899 900 901 902 903 904 905 906 907 908 909 910 911 912 913 914 915 916 917 918 919 920 921 923 924 926 927 928 929 930 931 932 933 935 936 937 938 939 940 941 942 943 944 945 946 947 948 949 950 951 952 953 954 955 956 957 958 959 961 962 963 964 965 966 
4 532 533 534 535 536 537 538 539 540 541 542 543 544 545 546 547 549 550 551 552 553 554 555 559 561 562 563 564 565 566 567 568 569 570 572 573 576 577 578 580 581 582 583 584 585 586 587 588 589 590 591 592 593 594 595 596 597 598 599 600 601 603 604 607 608 609 610 616 620 624 630 636 637 638 639 640 641 643 644 645 646 647 649 650 652 653 655 656 657 658 659 660 661 662 668 669 675 676 678 680 682 683 684 686 687 688 689 690 691 692 694 695 696 697 703 704 706 707 712 714 715 718 720 722 723 729 731 733 739 741 743 745 746 747 748 749 750 751 753 756 757 760 761 762 763 764 765 770 775 779 780 782 783 784 785 802 803 819 820 821 825 826 827 829 830 831 836 844 845 846 847 852 853 854 855 856 857 858 859 860 861 862 863 866 873 874 881 882 884 886 890 894 895 896 897 899 900 901 902 903 904 905 906 907 908 909 912 913 914 915 916 917 918 919 920 922 923 924 925 926 927 928 929 930 931 932 933 935 936 945 946 947 948 949 950 951 952 953 955 956 960 964 966 
5 548 549 554 556 557 558 560 568 571 574 575 579 581 600 602 605 606 611 612 613 614 615 616 617 618 619 621 622 623 625 626 627 628 629 631 632 633 634 635 636 639 640 641 642 643 644 645 646 647 648 651 652 653 654 655 656 657 658 659 660 661 662 663 664 665 666 667 669 670 671 672 673 674 676 677 679 681 685 693 698 699 700 701 702 703 705 706 708 709 710 711 712 713 714 715 716 717 719 720 721 722 724 725 726 727 728 729 730 732 734 735 736 737 738 739 740 742 744 750 752 754 755 757 758 759 766 767 768 769 771 772 773 774 776 777 778 780 781 786 787 788 789 790 791 792 793 794 795 796 797 798 799 800 801 804 805 806 807 808 809 810 811 812 813 814 815 816 817 818 822 823 824 828 832 833 834 835 837 838 839 840 841 842 843 848 849 850 851 861 863 864 865 867 868 869 870 871 872 873 875 876 877 878 879 880 883 885 887 888 889 891 892 893 898 908 910 911 918 921 922 925 934 937 938 939 940 941 942 943 944 954 957 958 959 960 961 962 963 964 965 
6 532 533 534 535 536 537 538 539 540 541 542 543 544 545 546 547 548 550 551 552 553 555 556 557 558 559 560 561 562 563 564 565 566 567 569 570 571 572 573 574 575 576 577 578 579 580 582 583 584 585 586 587 588 589 590 591 592 593 594 595 596 597 598 599 601 602 603 604 605 606 607 608 609 610 611 612 613 614 615 617 618 619 620 621 622 623 624 625 626 627 628 629 630 631 632 633 634 635 637 638 642 648 649 650 651 654 663 664 665 666 667 668 670 671 672 673 674 675 677 678 679 680 681 682 683 684 685 686 687 688 689 690 691 692 693 694 695 696 697 698 699 700 701 702 704 705 707 708 709 710 711 713 716 717 718 719 721 723 724 725 726 727 728 730 731 732 733 734 735 736 737 738 740 741 742 743 744 745 746 747 748 749 751 752 753 754 755 756 758 759 760 761 762 763 764 765 766 767 768 769 770 771 772 773 774 775 776 777 778 779 781 782 783 784 785 786 787 788 789 790 791 792 793 794 795 796 797 798 799 800 801 802 803 804 805 806 807 808 809 810 811 812 813 814 815 816 817 818 819 820 821 822 823 824 825 826 827 828 829 830 831 832 833 834 835 836 837 838 839 840 841 842 843 844 845 846 847 848 849 850 851 852 853 854 855 856 857 858 859 860 862 864 865 866 867 868 869 870 871 872 874 875 876 877 878 879 880 881 882 883 884 885 886 887 888 889 890 891 892 893 894 895 896 897 898 899 900 901 902 903 904 905 906 907 909 910 911 912 913 914 915 916 917 919 920 921 923 924 926 927 928 929 930 931 932 933 934 935 936 937 938 939 940 941 942 943 944 945 946 947 948 949 950 951 952 953 954 955 956 957 958 959 961 962 963 965 966 
7 534 535 536 537 541 544 545 548 549 551 552 553 554 555 556 557 558 559 561 563 564 566 571 572 573 574 575 576 577 578 579 580 582 584 586 592 594 595 596 600 601 602 603 604 605 606 607 608 609 610 612 613 617 620 622 623 624 625 626 627 628 630 633 634 636 637 639 640 641 642 644 646 647 648 649 650 652 656 659 660 661 662 663 669 670 671 677 681 683 684 685 689 691 694 697 698 699 700 701 702 704 706 707 708 709 710 711 712 713 714 715 716 717 718 719 721 725 726 728 729 730 732 733 734 735 736 737 740 741 742 744 745 747 748 750 751 752 753 754 758 759 761 764 766 768 769 770 773 775 776 777 778 780 781 784 786 787 790 791 792 793 794 795 796 797 800 801 802 803 804 807 809 812 813 816 817 818 819 820 821 822 823 824 825 826 828 829 831 833 839 843 844 845 847 850 851 852 853 854 855 860 861 863 864 865 866 868 869 870 873 874 876 880 881 883 885 886 887 890 892 893 894 898 899 900 902 903 904 905 908 912 913 915 916 918 919 920 921 925 926 927 928 930 934 938 940 943 945 946 947 949 950 951 952 953 954 955 956 957 958 960 961 962 963 
8 532 533 538 539 540 542 543 546 547 550 560 562 565 567 568 569 570 581 583 585 587 588 589 590 591 593 597 598 599 611 614 615 616 618 619 621 628 629 631 632 635 636 638 639 643 645 651 652 653 654 655 657 658 664 665 666 667 668 672 673 674 675 676 678 679 680 682 683 686 687 688 690 692 693 695 696 703 705 715 720 722 723 724 727 731 738 739 743 746 749 755 756 757 760 762 763 765 767 771 772 774 779 780 782 783 785 788 789 798 799 805 806 808 810 811 814 815 827 830 832 833 834 835 836 837 838 840 841 842 846 848 849 856 857 858 859 862 867 871 872 875 877 878 879 882 884 888 889 891 895 896 897 901 906 907 909 910 911 914 917 922 923 924 925 926 929 931 932 933 935 936 937 939 941 942 944 948 959 960 964 965 966 
9 532 533 534 535 536 537 538 539 540 541 542 543 544 545 546 547 548 549 550 551 552 553 554 555 556 557 558 559 560 561 562 563 564 565 566 567 568 569 570 571 572 573 574 575 576 577 578 579 580 581 582 583 584 585 586 587 588 589 590 591 592 593 594 595 596 597 598 599 600 601 602 603 604 605 606 607 608 609 610 611 612 613 614 615 616 617 618 619 620 621 622 623 624 625 626 627 629 630 631 632 633 634 635 637 638 640 641 642 643 644 645 646 647 648 649 650 651 653 654 655 656 657 658 659 660 661 662 663 664 665 666 667 668 669 670 671 672 673 674 675 676 677 678 679 680 681 682 684 685 686 687 688 689 690 691 692 693 694 695 696 697 698 699 700 701 702 703 704 705 706 707 708 709 710 711 712 713 714 716 717 718 719 720 721 722 723 724 725 726 727 728 729 730 731 732 733 734 735 736 737 738 739 740 741 742 743 744 745 746 747 748 749 750 751 752 753 754 755 756 757 758 759 760 761 762 763 764 765 766 767 768 769 770 771 772 773 774 775 776 777 778 779 781 782 783 784 785 786 787 788 789 790 791 792 793 794 795 796 797 798 799 800 801 802 803 804 805 806 807 808 809 810 811 812 813 814 815 816 817 818 819 820 821 822 823 824 825 826 827 828 829 830 831 832 834 835 836 837 838 839 840 841 842 843 844 845 846 847 848 849 850 851 852 853 854 855 856 857 858 859 860 861 862 863 864 865 866 867 868 869 870 871 872 873 874 875 876 877 878 879 880 881 882 883 884 885 886 887 888 889 890 891 892 893 894 895 896 897 898 899 900 901 902 903 904 905 906 907 908 909 910 911 912 913 914 915 916 917 918 919 920 921 922 923 924 927 928 929 930 931 932 933 934 935 936 937 938 939 940 941 942 943 944 945 946 947 948 949 950 951 952 953 954 955 956 957 958 959 961 962 963 964 965 966 
10 532 533 534 538 539 540 542 543 546 547 550 560 562 565 567 568 569 570 581 583 585 587 588 589 590 591 593 597 598 599 603 605 607 609 611 614 615 616 618 619 621 631 636 638 639 643 645 649 651 652 653 654 655 657 658 664 665 666 667 668 672 673 674 678 680 682 683 686 687 688 690 695 698 699 700 703 708 715 720 722 723 727 729 736 738 739 743 746 747 749 755 756 757 760 761 762 763 765 767 771 772 779 780 782 783 785 788 789 798 805 806 808 809 810 811 813 814 815 819 827 828 832 834 835 836 837 838 840 842 845 846 847 856 858 859 862 867 871 872 873 875 877 878 879 881 883 884 885 887 888 889 891 895 896 901 904 905 906 907 909 910 911 914 916 920 924 925 926 927 931 932 933 934 935 936 937 939 941 942 944 945 948 952 959 962 964 965 966 
11 534 535 536 537 541 544 545 548 549 551 552 553 554 555 556 557 558 559 561 563 564 566 571 572 573 574 575 576 577 578 579 580 582 584 586 592 594 595 596 600 601 602 604 606 608 610 612 613 617 620 622 623 624 625 626 627 628 629 630 632 633 634 635 636 637 639 640 641 642 644 646 647 648 650 656 659 660 661 662 663 669 670 671 675 676 677 679 681 684 685 689 691 692 693 694 696 697 701 702 704 705 706 707 709 710 711 712 713 714 715 716 717 718 719 721 724 725 726 728 730 731 732 733 734 735 737 740 741 742 744 745 748 750 751 752 753 754 758 759 764 766 768 769 770 773 774 775 776 777 778 780 781 784 786 787 790 791 792 793 794 795 796 797 799 800 801 802 803 804 807 812 816 817 818 819 820 821 822 823 824 825 826 829 830 831 833 839 841 843 844 848 849 850 851 852 853 854 855 857 860 861 863 864 865 866 868 869 870 873 874 876 880 882 886 890 892 893 894 897 898 899 900 902 903 905 908 912 913 915 917 918 919 921 922 923 925 926 927 928 929 930 938 940 943 946 947 949 950 951 953 954 955 956 957 958 960 961 963 
12 532 533 535 536 537 538 539 540 541 542 543 544 545 546 547 548 549 550 551 552 553 554 555 556 557 558 559 560 561 562 563 564 565 566 567 568 569 570 571 572 573 574 575 576 577 578 579 580 581 582 583 584 585 586 587 588 589 590 591 592 593 594 595 596 597 598 599 600 601 602 603 604 605 606 607 608 609 610 611 612 613 614 615 616 617 618 619 620 621 622 623 624 625 626 627 628 629 630 631 632 633 634 635 637 638 640 641 642 643 644 645 646 647 648 649 650 651 652 653 654 655 656 657 658 659 660 661 662 663 664 665 666 667 668 669 670 671 672 673 674 675 676 677 678 679 680 681 682 683 684 685 686 687 688 689 690 691 692 693 694 695 696 697 698 699 700 701 702 703 704 705 706 707 708 709 710 711 712 713 714 716 717 718 719 720 721 722 723 724 725 726 727 728 729 730 731 732 733 734 735 736 737 738 739 740 741 742 743 744 745 746 747 748 749 750 751 752 753 754 755 756 757 758 759 760 761 762 763 764 765 766 767 768 769 770 771 772 773 774 775 776 777 778 779 781 782 783 784 785 786 787 788 789 790 791 792 793 794 795 796 797 798 799 800 801 802 803 804 805 806 807 808 809 810 811 812 813 814 815 816 817 818 820 821 822 823 824 825 826 827 828 829 830 831 832 833 834 835 836 837 838 839 840 841 842 843 844 845 846 847 848 849 850 851 852 853 854 855 856 857 858 859 860 861 862 863 864 865 866 867 868 869 870 871 872 874 875 876 877 878 879 880 881 882 883 884 885 886 887 888 889 890 891 892 893 894 895 896 897 898 899 900 901 902 903 904 906 907 908 909 910 911 912 913 914 915 916 917 918 919 920 921 922 923 924 928 929 930 931 932 933 934 935 936 937 938 939 940 941 942 943 944 945 946 947 948 949 950 951 952 953 954 955 956 957 958 959 960 961 962 963 964 965 966 
13 532 533 534 535 536 537 538 539 540 542 543 546 547 550 560 562 565 567 568 569 570 581 583 585 587 588 589 590 591 593 597 598 599 605 607 608 609 610 611 614 615 616 617 618 619 620 621 626 627 628 629 631 632 633 634 635 638 639 643 645 647 649 651 652 653 654 655 657 658 662 664 665 666 667 668 673 674 678 680 682 683 686 687 688 690 691 692 693 694 695 696 698 699 700 703 705 715 720 722 723 727 729 736 738 739 743 746 747 748 749 753 755 756 757 760 761 762 763 765 767 771 774 778 779 780 782 783 785 788 789 798 805 806 807 808 809 810 811 813 814 815 820 821 822 827 828 832 834 835 836 837 838 840 842 845 846 847 854 855 856 857 859 862 867 871 872 874 875 877 878 879 881 883 885 888 889 891 893 895 896 897 899 901 902 903 904 905 906 907 909 910 911 913 914 915 916 917 918 919 920 922 924 926 928 929 930 931 932 933 935 936 937 938 939 941 942 944 945 948 952 953 959 961 962 964 965 966 
14 535 541 544 545 548 549 551 552 553 554 555 556 557 558 559 561 563 564 566 571 572 573 574 575 576 577 578 579 580 582 584 586 592 594 595 596 600 601 602 603 604 606 612 613 622 623 624 625 630 636 637 639 640 641 642 644 646 647 648 650 656 659 660 661 662 663 669 670 671 672 675 676 677 679 681 684 685 689 691 697 701 702 704 706 707 708 709 710 711 712 713 714 715 716 717 718 719 721 724 725 726 728 730 731 732 733 734 735 737 740 741 742 744 745 750 751 752 754 758 759 764 766 768 769 770 772 773 775 776 777 780 781 784 786 787 790 791 792 793 794 795 796 797 799 800 801 802 803 804 812 816 817 818 819 822 823 824 825 826 829 830 831 833 839 841 843 844 848 849 850 851 852 853 854 858 860 861 863 864 865 866 868 869 870 873 876 880 882 884 886 887 890 892 894 898 900 902 903 908 912 921 922 923 925 926 927 931 934 940 943 946 947 949 950 951 954 955 956 957 958 960 961 963 
15 532 533 534 536 537 538 539 540 541 542 543 544 545 546 547 548 549 550 551 552 553 554 555 556 557 558 559 560 561 562 563 564 565 566 567 568 569 570 571 572 573 574 575 576 577 578 579 580 581 582 583 584 585 586 587 588 589 590 591 592 593 594 595 596 597 598 599 600 601 602 603 604 605 606 607 608 609 610 611 612 613 614 615 616 617 618 619 620 621 622 623 624 625 626 627 628 629 630 631 632 633 634 635 636 637 638 640 641 642 643 644 645 646 648 649 650 651 652 653 654 655 656 657 658 659 660 661 663 664 665 666 667 668 669 670 671 672 673 674 675 676 677 678 679 680 681 682 683 684 685 686 687 688 689 690 692 693 694 695 696 697 698 699 700 701 702 703 704 705 706 707 708 709 710 711 712 713 714 716 717 718 719 720 721 722 723 724 725 726 727 728 729 730 731 732 733 734 735 736 737 738 739 740 741 742 743 744 745 746 747 748 749 750 751 752 753 754 755 756 757 758 759 760 761 762 763 764 765 766 767 768 769 770 771 772 773 774 775 776 777 778 779 781 782 783 784 785 786 787 788 789 790 791 792 793 794 795 796 797 798 799 800 801 802 803 804 805 806 807 808 809 810 811 812 813 814 815 816 817 818 819 820 821 823 824 825 826 827 828 829 830 831 832 833 834 835 836 837 838 839 840 841 842 843 844 845 846 847 848 849 850 851 852 853 855 856 857 858 859 860 861 862 863 864 865 866 867 868 869 870 871 872 873 874 875 876 877 878 879 880 881 882 883 884 885 886 887 888 889 890 891 892 893 894 895 896 897 898 899 900 901 904 905 906 907 908 909 910 911 912 913 914 915 916 917 918 919 920 921 923 924 925 927 928 929 930 932 933 934 935 936 937 938 939 940 941 942 943 944 945 946 947 948 949 950 951 952 953 954 955 956 957 958 959 960 962 963 964 965 966 
16 532 533 534 535 536 537 538 539 540 543 545 546 547 548 550 552 562 565 567 568 569 570 581 583 585 586 587 588 589 590 591 592 593 597 598 599 606 607 608 609 610 612 614 615 616 617 618 619 620 621 626 627 628 629 630 631 632 633 634 635 636 638 639 643 644 645 647 651 652 653 654 655 657 658 660 662 663 664 665 666 667 668 669 670 671 673 674 676 677 678 680 682 683 684 685 686 687 688 689 690 691 692 693 694 695 696 697 698 699 700 703 705 715 720 722 723 724 726 727 728 729 734 736 737 738 739 742 743 745 746 747 748 749 753 756 757 758 760 761 762 763 765 766 767 769 771 772 774 779 780 782 783 784 785 793 798 803 807 808 809 810 811 813 814 815 816 817 818 819 820 821 822 823 824 825 826 827 828 829 831 833 834 835 836 837 838 839 840 841 842 843 845 846 847 848 852 854 855 856 857 859 861 862 866 867 868 871 872 873 874 877 878 879 881 882 883 884 885 886 888 889 890 891 892 893 894 895 896 897 899 900 901 902 904 905 906 907 909 910 911 912 913 914 915 916 917 918 919 920 922 924 925 926 928 929 930 931 932 933 934 935 936 937 938 939 940 941 942 943 944 945 947 948 952 953 954 955 956 959 962 964 965 966 
17 541 542 544 549 551 552 553 554 555 556 557 558 559 560 561 563 564 566 571 572 573 574 575 576 577 578 579 580 582 584 592 594 595 596 600 601 602 603 604 605 611 613 622 623 624 625 637 639 640 641 642 646 647 648 649 650 656 659 661 662 672 675 679 681 701 702 704 706 707 708 709 710 711 712 713 714 715 716 717 718 719 721 725 730 731 732 733 735 740 741 744 750 751 752 754 755 759 764 768 770 773 775 776 777 778 780 781 786 787 788 789 790 791 792 793 794 795 796 797 799 800 801 802 804 805 806 812 830 832 844 849 850 851 853 858 860 863 864 865 869 870 874 875 876 880 887 898 903 908 921 923 927 929 946 949 950 951 956 957 958 960 961 963 
18 532 533 534 535 536 537 538 539 540 541 542 543 544 545 546 547 548 549 550 551 553 554 555 556 557 558 559 560 561 562 563 564 565 566 567 568 569 570 571 572 573 574 575 576 577 578 579 580 581 582 583 584 585 586 587 588 589 590 591 593 594 595 596 597 598 599 600 601 602 603 604 605 606 607 608 609 610 611 612 613 614 615 616 617 618 619 620 621 622 623 624 625 626 627 628 629 630 631 632 633 634 635 636 637 638 640 641 642 643 644 645 646 648 649 650 651 652 653 654 655 656 657 658 659 660 661 663 664 665 666 667 668 669 670 671 672 673 674 675 676 677 678 679 680 681 682 683 684 685 686 687 688 689 690 691 692 693 694 695 696 697 698 699 700 701 702 703 704 705 706 707 708 709 710 711 712 713 714 716 717 718 719 720 721 722 723 724 725 726 727 728 729 730 731 732 733 734 735 736 737 738 739 740 741 742 743 744 745 746 747 748 749 750 751 752 753 754 755 756 757 758 759 760 761 762 763 764 765 766 767 768 769 770 771 772 773 774 775 776 777 778 779 781 782 783 784 785 786 787 788 789 790 791 792 794 795 796 797 798 799 800 801 802 803 804 805 806 807 808 809 810 811 812 813 814 815 816 817 818 819 820 821 822 823 824 825 826 827 828 829 830 831 832 833 834 835 836 837 838 839 840 841 842 843 844 845 846 847 848 849 850 851 852 853 854 855 856 857 858 859 860 861 862 863 864 865 866 867 868 869 870 871 872 873 875 876 877 878 879 880 881 882 883 884 885 886 887 888 889 890 891 892 893 894 895 896 897 898 899 900 901 902 903 904 905 906 907 908 909 910 911 912 913 914 915 916 917 918 919 920 921 922 923 924 925 926 927 928 930 931 932 933 934 935 936 937 938 939 940 941 942 943 944 945 946 947 948 949 950 951 952 953 954 955 957 958 959 960 961 962 963 964 965 966 
19 541 544 545 549 551 552 553 554 555 556 557 558 559 560 561 563 564 566 571 572 573 574 575 576 577 578 579 580 582 584 586 592 594 595 596 597 598 600 601 602 603 604 605 606 612 613 620 622 623 624 625 629 630 633 634 635 636 639 640 641 642 644 646 647 648 649 656 659 661 662 669 670 671 672 673 674 675 676 677 679 681 685 688 691 693 694 695 697 698 699 701 702 704 706 707 708 709 710 711 712 713 714 715 716 717 718 719 720 721 724 725 726 728 730 731 732 733 734 735 736 737 739 740 741 742 744 750 752 754 758 759 761 764 766 768 769 770 771 772 773 774 775 777 778 779 780 781 784 786 787 790 791 792 793 794 795 796 797 799 800 801 802 803 804 805 806 809 812 813 816 817 818 819 822 823 824 825 826 827 829 830 831 832 833 834 839 841 843 844 846 847 849 850 851 853 858 860 861 863 864 865 866 868 869 870 873 874 875 876 877 880 881 882 883 884 885 886 890 892 893 894 898 899 900 902 903 908 909 912 913 921 922 934 940 943 945 946 947 949 950 951 952 953 954 955 956 957 958 959 960 961 963 965 
20 532 533 534 535 536 537 538 539 540 542 543 546 547 548 550 562 565 567 568 569 570 581 583 585 586 587 588 589 590 591 593 599 607 608 609 610 611 614 615 616 617 618 619 621 626 627 628 631 632 635 637 638 639 643 645 650 651 652 653 654 655 657 658 660 663 664 665 666 667 668 678 680 682 683 684 686 687 689 690 692 696 700 702 703 705 715 722 723 727 729 738 743 745 746 747 748 749 751 753 755 756 757 760 762 763 765 767 776 779 780 782 783 785 788 789 798 807 808 810 811 814 815 818 820 821 822 827 828 835 836 837 838 840 842 845 848 852 854 855 856 857 859 862 867 871 872 878 879 887 888 889 891 895 896 897 901 904 905 906 907 909 910 911 912 914 915 916 917 918 919 920 922 923 924 925 926 927 928 929 930 931 932 933 935 936 937 938 939 941 942 944 948 962 964 965 966 
21 532 533 534 535 536 537 538 539 540 541 542 543 544 545 546 547 548 549 550 551 552 553 554 555 556 557 558 559 560 561 562 563 564 565 566 567 568 569 570 571 572 573 574 575 576 577 578 579 580 581 582 583 584 585 587 588 589 590 591 592 593 594 595 596 597 598 599 600 601 602 603 604 605 606 607 608 609 610 611 612 613 614 615 616 617 618 619 620 621 622 623 624 625 626 627 628 629 630 631 632 633 634 636 637 638 640 641 642 643 644 645 646 647 648 649 650 651 652 653 654 655 656 657 658 659 660 661 662 663 664 665 666 667 668 669 670 671 672 673 674 675 676 677 678 679 680 681 682 683 684 685 686 687 688 689 690 691 692 693 694 695 696 697 698 699 700 701 703 704 705 706 707 708 709 710 711 712 713 714 716 717 718 719 720 721 722 723 724 725 726 727 728 729 730 731 732 733 734 735 736 737 738 739 740 741 742 743 744 745 746 747 748 749 750 751 752 753 754 755 756 757 758 759 760 761 762 763 764 765 766 767 768 769 770 771 772 773 774 775 776 777 778 781 782 783 784 785 786 787 788 789 790 791 792 793 794 795 796 797 798 799 800 801 802 803 804 805 806 807 808 809 810 811 812 813 814 815 816 817 819 820 821 823 824 825 826 828 829 830 831 832 833 834 835 836 837 838 839 840 841 842 843 844 845 846 847 848 849 850 851 852 853 854 855 856 857 858 859 860 861 862 863 864 865 866 867 868 869 870 871 872 873 874 875 876 877 878 879 880 881 882 883 884 885 886 887 888 889 890 891 892 893 894 895 896 897 898 899 900 901 902 903 904 905 906 907 908 910 911 913 914 915 916 917 918 919 920 921 923 924 925 926 927 928 929 930 931 932 933 934 935 936 937 938 939 940 941 942 943 944 945 946 947 948 949 950 951 952 953 954 955 956 957 958 959 960 961 962 963 964 966 
22 541 544 545 548 549 551 552 553 554 555 556 557 558 559 560 561 563 564 566 571 572 573 574 575 576 577 578 579 580 582 583 584 586 592 594 595 596 600 601 602 603 604 606 609 612 613 622 623 624 627 630 636 637 639 640 641 642 644 646 647 648 650 655 656 659 660 661 662 663 669 670 671 672 673 674 675 676 677 679 681 684 685 687 689 691 697 698 699 701 702 704 706 707 708 709 710 711 712 713 714 715 716 717 718 719 720 721 723 724 725 726 728 730 731 732 733 734 735 737 740 741 742 744 745 750 751 752 754 758 759 764 766 768 769 770 772 773 775 776 777 778 780 781 784 786 787 790 791 792 793 794 795 796 797 799 800 801 802 803 804 805 809 812 813 816 817 818 819 820 821 822 823 824 825 826 827 829 830 831 832 833 839 841 843 844 846 847 848 849 850 851 852 853 854 855 858 860 861 863 864 865 866 868 869 870 873 876 880 881 883 884 886 887 890 892 894 898 899 900 902 903 905 908 909 912 913 915 918 919 921 923 925 927 928 930 932 934 940 943 945 946 947 949 950 951 952 953 954 955 956 957 958 959 960 961 963 965 
23 532 533 534 535 536 537 538 539 540 542 543 546 547 550 562 565 567 568 569 570 581 583 585 587 588 589 590 591 593 597 598 599 605 607 608 610 611 614 615 616 617 618 619 620 621 625 626 627 628 629 631 632 633 634 635 638 639 643 645 649 651 652 653 654 657 658 664 665 666 667 668 678 680 682 683 686 687 688 690 692 693 694 695 696 700 703 705 715 722 723 726 727 729 736 738 739 743 746 747 748 749 753 755 756 757 760 761 762 763 765 767 771 772 774 779 780 782 783 785 788 789 798 806 807 808 810 811 814 815 827 828 834 835 836 837 838 840 842 845 847 854 856 857 859 862 867 871 872 874 875 877 878 879 882 885 888 889 891 893 895 896 897 901 904 906 907 909 910 911 914 916 917 920 922 924 926 929 931 932 933 935 936 937 938 939 941 942 944 948 962 964 965 966 
24 532 533 534 535 536 537 538 539 540 541 542 543 544 545 546 547 548 549 550 551 552 553 554 555 556 557 558 559 560 561 562 563 564 565 566 567 568 569 570 571 572 573 574 575 576 577 578 579 580 581 582 584 585 586 587 588 589 590 591 592 593 594 595 596 597 598 599 600 601 602 603 604 605 606 607 608 609 610 611 612 613 614 615 616 617 618 619 620 621 622 623 624 625 626 628 629 630 631 632 633 634 635 636 637 638 640 641 642 643 644 645 646 647 648 649 650 651 652 653 654 655 656 657 658 659 660 661 662 663 664 665 666 667 668 669 670 671 672 673 674 675 676 677 678 679 680 681 682 683 684 685 686 688 689 690 691 692 693 694 695 696 697 698 699 700 701 702 703 704 705 706 707 708 709 710 711 712 713 714 716 717 718 719 720 721 722 724 725 727 728 729 730 731 732 733 734 735 736 737 738 739 740 741 742 743 744 745 746 747 748 749 750 751 752 753 754 755 756 757 758 759 760 761 762 763 764 765 766 767 768 769 770 771 773 774 775 776 777 778 779 781 782 783 784 785 786 787 788 789 790 791 792 793 794 795 796 797 798 799 800 801 802 803 804 805 806 807 808 809 810 811 812 813 814 815 816 817 818 819 820 821 822 823 824 825 826 828 829 830 831 832 833 834 835 836 837 838 839 840 841 842 843 844 845 846 848 849 850 851 852 853 855 856 857 858 859 860 861 862 863 864 865 866 867 868 869 870 871 872 873 874 875 876 877 878 879 880 881 882 883 884 885 886 887 888 889 890 891 892 893 894 895 896 897 898 899 900 901 902 903 904 905 906 907 908 910 911 912 913 914 915 916 917 918 919 920 921 922 923 924 925 926 927 928 929 930 931 933 934 935 936 937 938 939 940 941 942 943 944 945 946 947 948 949 950 951 952 953 954 955 956 957 958 959 960 961 962 963 964 966 
25 541 544 545 548 549 551 553 554 555 556 557 558 559 560 561 563 564 566 571 572 573 574 575 576 577 578 579 582 584 592 594 595 596 600 601 602 603 604 605 606 609 612 613 620 622 623 625 627 630 634 635 636 637 639 640 641 642 646 647 648 650 656 659 661 662 663 669 670 671 672 673 674 675 676 677 679 681 683 684 685 689 691 697 700 701 702 704 706 707 708 709 710 711 712 713 714 715 716 717 718 719 721 724 725 726 728 730 731 732 733 734 735 737 740 741 742 744 745 748 750 751 752 754 758 759 761 763 766 768 770 772 773 775 776 777 778 780 781 784 786 787 790 791 792 793 794 795 796 797 799 800 801 802 803 804 812 816 817 818 819 822 823 825 829 830 831 832 833 839 841 843 844 848 849 850 851 852 853 855 857 858 860 861 863 864 865 866 869 870 873 875 876 880 881 882 883 884 886 887 890 892 893 894 903 908 912 913 915 919 921 923 925 934 938 940 943 946 947 949 951 954 955 956 958 960 961 962 963 965 
26 532 533 534 535 536 537 538 539 540 542 543 545 546 547 548 550 552 562 565 567 568 569 570 577 579 580 581 583 585 586 587 588 589 590 591 593 597 598 599 607 608 610 611 613 614 615 616 617 618 619 621 624 626 627 628 629 631 632 633 634 635 638 639 643 644 645 649 651 652 653 654 655 657 658 660 661 664 665 666 667 668 678 680 682 686 687 688 690 692 693 694 695 696 698 699 703 705 720 722 723 727 729 731 736 738 739 743 746 747 748 749 753 755 756 757 760 762 764 765 767 769 770 771 774 775 779 780 781 782 783 785 788 789 798 805 806 807 808 809 810 811 813 814 815 818 820 821 824 826 827 828 834 835 836 837 838 840 842 845 846 847 854 855 856 857 859 862 866 867 868 871 872 874 877 878 879 885 888 889 891 895 896 897 898 899 900 901 902 904 905 906 907 909 910 911 914 916 917 918 920 922 924 926 927 928 929 930 931 932 933 935 936 937 939 941 942 944 945 947 948 950 952 953 957 959 964 965 966 
27 532 533 534 535 536 537 538 539 540 541 542 543 544 546 547 549 550 551 552 553 554 555 556 557 558 559 560 561 562 563 564 565 566 567 568 569 570 571 572 573 574 575 576 578 580 581 582 583 584 585 586 587 588 589 590 591 592 593 594 595 596 597 598 599 600 601 602 603 604 605 606 607 608 609 610 611 612 614 615 616 617 618 619 620 621 622 623 624 625 626 628 629 630 631 632 633 636 637 638 640 641 642 643 644 645 646 647 648 649 650 651 652 653 654 655 656 657 658 659 660 662 663 664 665 666 667 668 669 670 671 672 673 674 675 676 677 678 679 680 681 682 683 684 685 686 687 688 689 690 691 692 693 694 695 696 697 698 699 700 701 702 703 704 705 706 707 708 709 710 711 712 713 714 715 716 717 718 719 720 721 722 723 724 725 726 727 728 729 730 732 733 734 735 736 737 738 739 740 741 742 743 744 745 746 747 749 750 751 752 753 754 755 756 757 758 759 760 761 762 763 764 765 766 767 768 769 771 772 773 774 776 777 778 779 782 783 784 785 786 787 788 789 790 791 792 793 794 795 796 797 798 799 800 801 802 803 804 805 806 807 808 809 810 811 812 813 814 815 816 817 819 820 821 822 823 824 825 826 827 828 829 830 831 832 833 834 835 836 837 838 839 840 841 842 843 844 845 846 847 848 849 850 851 852 853 854 856 858 859 860 861 862 863 864 865 867 868 869 870 871 872 873 874 875 876 877 878 879 880 881 882 883 884 885 886 887 888 889 890 891 892 893 894 895 896 897 898 899 900 901 902 903 904 905 906 907 908 909 910 911 912 913 914 915 916 917 918 919 920 921 922 923 924 925 926 927 928 929 930 931 932 933 934 935 936 937 938 939 940 941 942 943 944 945 946 948 949 950 951 952 953 954 955 956 957 958 959 960 961 962 963 964 966 
28 532 545 547 548 557 564 568 570 571 585 587 588 589 590 591 592 599 603 605 606 607 608 609 610 611 612 613 614 616 617 618 620 621 622 623 624 625 629 630 631 636 639 642 643 644 645 647 650 652 653 654 657 659 660 663 664 665 667 668 669 670 672 673 674 675 676 677 679 680 681 682 684 685 690 691 696 697 698 699 701 702 703 704 705 707 708 709 710 711 712 713 715 716 717 718 723 726 729 730 734 735 737 738 739 741 743 746 747 748 749 756 761 763 765 766 767 770 771 773 775 776 777 780 786 787 792 794 797 798 799 804 805 806 809 811 812 814 816 817 818 820 821 822 823 824 825 826 827 828 829 830 831 832 834 836 837 840 841 842 843 844 845 849 852 853 855 861 862 867 870 872 873 874 875 876 877 878 879 880 883 885 886 887 890 891 892 893 894 895 897 898 899 900 902 903 905 913 915 921 931 933 934 935 936 938 943 944 945 947 948 949 950 952 956 957 958 959 960 961 962 963 965 966 
29 533 534 535 536 537 538 539 540 541 542 543 544 546 549 550 551 552 553 554 555 556 558 559 560 561 562 563 565 566 567 569 572 573 574 575 576 577 578 579 580 581 582 583 584 586 593 594 595 596 597 598 600 601 602 604 615 619 626 627 628 632 633 634 635 637 638 639 640 641 646 648 649 651 655 656 658 661 662 666 671 678 683 686 687 688 689 692 693 694 695 700 702 706 712 714 715 719 720 721 722 724 725 727 728 731 732 733 736 740 742 744 745 750 751 752 753 754 755 757 758 759 760 762 764 768 769 772 774 778 779 780 781 782 783 784 785 788 789 790 791 793 795 796 800 801 802 803 807 808 810 813 815 819 833 835 838 839 846 847 848 850 851 854 856 857 858 859 860 863 864 865 866 868 869 871 881 882 884 888 889 896 901 904 906 907 908 909 910 911 912 914 916 917 918 919 920 921 922 923 924 925 926 927 928 929 930 932 937 939 940 941 942 946 951 953 954 955 964 965 
30 532 533 534 535 536 537 538 539 540 541 542 543 544 545 546 547 548 549 550 551 552 553 554 555 556 557 558 559 560 561 562 563 564 565 566 567 568 569 570 571 572 573 574 575 576 577 578 579 580 581 582 583 584 585 586 587 588 589 590 591 592 593 594 595 596 597 598 599 600 601 602 603 604 605 606 607 608 609 610 611 612 613 614 615 616 617 618 619 620 621 622 623 624 625 626 627 628 629 630 631 632 633 634 635 636 637 638 640 641 642 643 644 645 646 647 648 649 650 651 652 653 654 655 656 657 658 659 660 661 662 663 664 665 666 667 668 669 670 671 672 673 674 675 676 677 678 679 680 681 682 683 684 685 686 687 688 689 690 691 692 693 694 695 696 697 698 699 700 701 703 704 705 706 707 708 709 710 711 713 714 716 717 718 719 720 721 722 723 724 725 726 727 728 729 730 731 732 733 734 735 736 737 738 739 740 741 742 743 744 745 746 747 748 749 750 751 752 753 754 755 756 757 758 759 760 761 762 763 764 765 766 767 768 769 770 771 772 773 774 775 776 777 778 779 781 782 783 784 785 786 787 788 789 790 791 792 793 794 795 796 797 798 799 800 801 802 803 804 805 806 807 808 809 810 811 812 813 814 815 816 817 818 819 820 821 822 823 824 825 826 827 828 829 830 831 832 833 834 835 836 837 838 839 840 841 842 843 844 845 846 847 848 849 850 851 852 853 854 855 856 857 858 859 860 861 862 863 864 865 866 867 868 869 870 871 872 873 874 875 876 877 878 879 880 881 882 883 884 885 886 887 888 889 890 891 892 893 894 895 896 897 898 899 900 901 902 903 904 905 906 907 908 909 910 911 912 913 914 915 916 917 918 919 920 922 923 924 925 926 927 928 929 930 931 932 933 934 935 936 937 938 939 940 941 942 943 944 945 946 947 948 949 950 951 952 953 954 955 956 957 958 959 960 961 962 963 964 966 
31 532 534 535 536 542 543 545 548 551 552 558 559 561 563 571 572 576 577 582 586 587 588 595 596 598 603 604 606 607 608 609 610 613 617 620 623 624 625 627 628 629 631 632 633 634 636 637 639 647 648 650 659 660 661 668 675 680 683 684 685 687 689 691 694 696 697 699 701 705 709 710 712 713 715 716 718 724 726 728 730 731 734 741 744 745 747 750 751 753 754 758 764 773 777 780 781 790 793 803 807 816 817 818 819 820 821 824 825 826 830 846 848 854 856 858 860 864 866 867 868 871 872 873 874 876 882 884 885 890 891 894 895 896 897 898 899 902 904 905 907 908 909 912 913 914 915 916 917 918 919 921 922 923 924 926 927 928 929 932 933 939 942 943 945 949 953 954 955 956 957 964 
32 532 533 537 538 539 540 541 542 544 546 547 549 550 553 554 555 556 557 560 562 564 565 566 567 568 569 570 572 573 574 575 578 579 580 581 583 584 585 589 590 591 592 593 594 597 599 600 601 602 605 611 612 614 615 616 618 619 621 622 626 630 631 635 636 638 639 640 641 642 643 644 645 646 647 649 651 652 653 654 655 656 657 658 661 662 663 664 665 666 667 669 670 671 672 673 674 676 677 678 679 681 682 686 688 690 692 693 695 698 700 702 703 704 706 707 708 711 712 714 715 717 719 720 721 722 723 725 727 729 732 733 735 736 737 738 739 740 742 743 746 748 749 750 752 755 756 757 759 760 761 762 763 765 766 767 768 769 770 771 772 774 775 776 778 779 780 782 783 784 785 786 787 788 789 791 792 793 794 795 796 797 798 799 800 801 802 803 804 805 806 807 808 809 810 811 812 813 814 815 822 823 827 828 829 831 832 833 834 835 836 837 838 839 840 841 842 843 844 845 847 849 850 851 852 853 855 857 859 861 862 863 865 869 870 875 877 878 879 880 881 883 886 887 888 889 891 892 893 900 901 902 903 905 906 909 910 911 920 925 930 931 932 934 935 936 937 938 940 941 944 945 946 947 948 950 951 952 958 959 960 961 962 963 965 966 
33 533 534 535 536 537 538 539 540 541 543 544 545 546 547 548 549 550 551 552 553 554 555 556 557 558 559 560 561 562 563 564 565 566 567 568 569 570 571 573 574 575 576 577 578 579 580 581 582 583 584 585 586 587 588 589 590 591 592 593 594 595 596 597 598 599 600 601 602 603 604 605 606 607 608 609 610 611 612 613 614 615 616 617 618 619 620 621 622 623 624 625 626 627 628 629 630 632 633 634 635 637 638 640 641 642 643 644 645 646 648 649 650 651 652 653 654 655 656 657 658 659 660 662 663 664 665 666 667 668 669 670 671 672 673 674 675 676 677 678 679 680 681 682 683 684 685 686 687 688 689 690 691 692 693 694 695 696 697 698 699 700 701 702 703 704 705 706 707 708 709 710 711 713 714 716 717 718 719 720 721 722 723 724 725 726 727 728 729 730 731 732 733 734 735 736 737 738 739 740 741 742 743 744 745 746 747 748 749 751 752 753 754 755 756 757 758 759 760 761 762 763 764 765 766 767 768 769 770 771 772 773 774 775 776 777 778 779 781 782 783 784 785 786 787 788 789 790 791 792 794 795 796 797 798 799 800 801 802 804 805 806 808 809 810 811 812 813 814 815 816 817 818 819 820 821 822 823 824 825 826 827 828 829 830 831 832 833 834 835 836 837 838 839 840 841 842 843 844 845 846 847 848 849 850 851 852 853 854 855 856 857 858 859 860 861 862 863 864 865 866 867 868 869 870 871 872 873 874 875 876 877 878 879 880 881 882 883 884 885 886 887 888 889 890 892 893 894 895 896 897 898 899 900 901 903 904 906 907 908 910 911 912 913 914 915 916 917 918 919 920 921 922 923 924 925 926 927 928 929 930 931 933 934 935 936 937 938 939 940 941 942 943 944 946 947 948 949 950 951 952 953 954 955 956 957 958 959 960 961 962 963 964 965 966 
34 532 533 536 540 542 543 545 546 547 548 550 554 560 562 565 567 568 570 581 583 585 586 587 588 589 590 591 593 596 597 598 599 608 609 611 612 613 614 615 616 617 618 619 621 627 628 631 632 638 639 643 645 647 649 651 652 653 654 655 657 658 661 664 665 666 667 668 673 674 678 679 680 682 683 686 687 688 690 692 693 694 695 696 698 699 703 705 709 710 715 717 720 722 723 727 728 736 737 738 739 740 743 746 747 749 755 756 757 760 761 762 763 765 766 767 769 772 774 779 780 782 783 785 788 789 793 798 805 808 810 811 814 815 818 823 827 828 832 834 835 836 837 838 840 842 845 846 848 856 857 859 862 866 867 871 872 877 878 879 880 881 883 885 886 888 889 890 891 894 902 904 906 907 909 910 911 916 917 920 922 924 925 927 931 932 933 934 935 936 937 939 940 941 942 944 945 959 961 962 964 965 966 
35 534 535 536 537 538 539 541 542 543 544 545 549 550 551 552 553 554 555 556 557 558 559 561 563 564 566 569 571 572 573 574 575 576 577 578 579 580 582 584 592 594 595 596 600 601 602 603 604 605 606 607 610 620 621 622 623 624 625 626 627 629 630 633 634 635 636 637 639 640 641 642 644 646 647 648 650 656 659 660 661 662 663 669 670 671 672 675 676 677 681 683 684 685 689 691 697 700 701 702 704 706 707 708 709 710 711 712 713 714 715 716 717 718 719 721 724 725 726 729 730 731 732 733 734 735 740 741 742 744 745 748 750 751 752 753 754 756 758 759 764 768 770 771 773 774 775 776 777 778 779 780 781 784 786 787 790 791 792 793 794 795 796 797 799 800 801 802 803 804 806 807 809 812 813 814 816 817 819 820 821 822 823 824 825 826 829 830 831 833 839 841 843 844 847 849 850 851 852 853 854 855 858 860 861 863 864 865 868 869 870 873 874 875 876 882 884 886 887 892 893 895 896 897 898 899 900 901 902 903 905 908 909 912 913 914 915 918 919 921 923 926 927 928 929 930 932 938 943 945 946 947 948 949 950 951 952 953 954 955 956 957 958 960 963 
36 532 533 534 535 537 538 539 540 541 544 546 547 548 549 551 552 553 555 556 557 558 559 560 561 562 563 564 565 566 567 568 569 570 571 572 573 574 575 576 577 578 579 580 581 582 583 584 585 586 587 588 589 590 591 592 593 594 595 597 598 599 600 601 602 603 604 605 606 607 608 609 610 611 612 613 614 615 616 617 618 619 620 622 623 624 625 626 628 629 630 631 632 633 634 635 636 637 638 640 641 642 643 644 645 646 648 649 650 651 652 653 654 655 656 657 658 659 660 662 663 664 665 666 667 668 669 670 671 672 673 674 675 676 677 678 679 680 681 682 684 685 686 687 688 689 690 691 692 693 694 695 696 697 698 699 700 701 702 703 704 705 706 707 708 711 712 713 714 716 718 719 720 721 722 723 724 725 726 727 728 729 730 731 732 733 734 735 736 737 738 739 741 742 743 744 745 746 747 748 749 750 751 752 753 754 755 757 758 759 760 761 762 763 764 765 766 767 768 769 770 771 772 773 775 776 777 778 781 782 783 784 785 786 787 788 789 790 791 792 794 795 796 797 798 799 800 801 802 803 804 805 806 807 808 809 810 811 812 813 815 816 817 818 819 820 821 822 824 825 826 827 828 829 830 831 832 833 834 835 836 837 838 839 840 841 842 843 844 845 846 847 848 849 850 851 852 853 854 855 856 857 858 859 860 861 862 863 864 865 866 867 868 869 870 871 872 873 874 875 876 877 878 879 880 881 882 883 884 885 887 888 889 890 891 892 893 894 895 896 897 898 899 900 901 903 904 905 906 907 908 910 911 912 913 914 915 916 917 918 919 920 921 922 923 924 925 926 928 929 930 931 933 934 935 936 937 938 939 940 941 942 943 944 946 947 948 949 950 951 952 953 954 955 956 957 958 959 960 961 962 963 964 965 966 
37 532 533 534 535 536 537 538 539 540 542 543 544 546 547 548 549 550 553 560 562 564 565 567 568 569 570 571 581 583 585 587 588 589 590 591 593 597 598 599 600 602 605 607 608 609 610 611 614 615 616 617 618 619 620 621 627 628 631 634 636 638 639 643 645 649 651 652 653 655 657 658 661 664 665 666 667 668 672 673 674 678 679 680 681 682 683 684 685 686 687 688 689 690 692 693 694 695 696 697 700 703 704 705 715 720 722 723 727 730 736 739 743 745 746 747 749 755 756 757 760 761 762 763 765 769 772 775 779 780 782 783 785 794 805 807 808 810 811 814 815 819 820 821 822 824 825 826 827 828 829 831 832 834 835 836 837 838 840 842 843 845 846 847 848 852 853 854 855 856 857 859 862 867 871 873 874 878 879 881 883 884 885 888 889 890 891 892 893 894 895 896 897 901 904 905 906 909 910 911 912 913 914 916 917 920 924 925 926 928 929 931 932 933 935 936 937 938 939 940 941 942 944 945 948 949 952 953 956 959 960 962 964 965 966 
38 538 541 545 546 548 551 552 553 554 555 556 557 558 559 561 563 566 568 572 573 574 575 576 577 578 579 580 582 584 586 592 594 595 596 601 603 604 606 612 613 622 623 624 625 626 627 629 630 632 633 635 637 639 640 641 642 644 646 647 648 650 654 656 659 660 661 662 663 669 670 671 675 676 677 689 691 698 699 701 702 704 706 707 708 709 710 711 712 713 714 715 716 717 718 719 720 721 724 725 726 728 729 730 731 732 733 734 735 737 738 740 741 742 744 748 750 751 752 753 754 758 759 764 766 767 768 770 771 773 774 776 777 778 780 781 784 786 787 788 789 790 791 792 793 794 795 796 797 798 799 800 801 802 803 804 806 809 812 813 816 817 818 823 827 829 830 833 839 841 844 847 849 850 851 858 860 861 863 864 865 866 868 869 870 872 873 875 876 877 880 882 886 887 898 899 900 902 903 904 907 908 915 918 919 921 922 923 927 930 932 934 935 940 943 945 946 947 950 951 954 955 956 957 958 961 963 
39 532 533 534 535 536 537 539 540 541 542 543 544 545 547 549 550 551 552 554 555 556 557 558 559 560 561 562 563 564 565 566 567 569 570 571 572 573 574 575 576 577 578 579 580 581 582 583 584 585 586 587 588 589 590 591 592 593 594 595 596 597 598 599 600 601 602 603 604 605 606 607 608 609 610 611 612 613 614 615 616 617 618 619 620 621 622 623 624 625 626 628 629 630 631 632 633 634 635 636 637 638 640 641 642 643 644 645 646 647 648 649 650 651 652 653 654 655 656 657 658 659 660 662 663 664 665 666 667 668 669 670 671 672 673 674 675 676 677 678 679 680 681 682 683 684 685 686 687 688 690 691 692 693 694 695 696 697 698 699 700 701 702 703 705 706 707 708 709 710 711 712 713 714 716 717 718 719 721 722 723 724 725 726 727 728 729 731 732 733 734 735 736 737 738 739 740 741 742 743 744 745 746 747 748 749 750 751 752 753 754 755 756 757 758 759 760 761 762 763 764 765 766 767 768 769 770 771 772 773 774 775 776 777 778 779 781 782 783 784 785 786 787 788 789 790 791 792 793 795 796 797 798 799 800 801 802 803 804 805 806 807 808 809 810 811 812 813 814 815 816 817 818 819 820 821 822 823 824 825 826 828 830 831 832 833 834 835 836 837 838 839 840 841 842 843 844 845 846 848 849 850 851 852 853 854 855 856 857 858 859 860 861 862 863 864 865 866 867 868 869 870 871 872 874 875 876 877 878 879 880 881 882 883 884 885 886 887 888 889 890 891 892 893 894 895 896 897 898 899 900 901 902 903 905 906 907 908 909 910 911 912 913 914 915 916 917 918 919 920 921 922 923 924 925 926 927 928 929 930 931 933 934 936 937 938 939 941 942 943 944 946 947 948 949 950 951 952 953 954 955 957 958 959 960 961 962 963 964 965 966 
40 532 533 534 536 537 538 539 540 542 543 546 547 550 553 560 562 565 567 568 569 570 580 581 583 585 586 587 588 589 590 591 593 597 598 599 603 605 606 607 608 609 610 611 612 613 614 615 616 617 618 619 620 621 624 627 628 629 631 632 633 634 635 636 638 639 643 645 649 651 652 653 654 655 657 658 659 661 663 664 665 666 667 669 670 672 673 674 675 676 677 678 679 680 682 683 685 686 687 688 689 690 691 692 693 694 695 696 698 699 700 701 703 705 708 715 720 722 723 724 727 728 729 732 736 738 739 743 746 747 748 749 751 755 756 757 758 760 761 762 763 765 766 767 771 772 773 774 778 779 780 782 783 785 787 788 789 793 798 799 805 806 807 808 809 810 811 812 813 814 815 818 820 821 822 823 824 825 826 827 828 831 832 834 835 836 837 838 839 840 841 842 845 846 847 848 852 854 855 856 857 858 859 862 867 868 870 871 872 873 875 877 878 879 881 883 885 887 888 889 890 891 893 896 897 901 904 905 906 907 909 910 911 913 914 916 917 919 920 922 924 929 931 932 933 934 935 936 937 938 939 940 941 942 944 945 948 952 955 956 959 961 962 964 965 966 
41 535 541 544 545 546 547 548 549 551 552 553 554 555 556 557 558 559 561 563 564 566 571 572 573 574 575 576 577 578 579 582 584 592 594 595 596 600 601 602 604 622 623 624 625 626 627 630 637 640 641 642 644 646 647 648 650 656 660 661 662 668 671 681 684 689 691 697 702 704 706 707 709 710 711 712 713 714 715 716 717 718 719 721 725 726 730 731 733 734 735 737 740 741 742 744 745 750 752 753 754 759 760 764 768 769 770 775 776 777 780 781 784 786 790 791 792 793 794 795 796 797 800 801 802 803 804 816 817 819 827 829 830 833 843 844 847 849 850 851 853 860 861 863 864 865 866 869 873 874 876 880 882 884 886 892 894 895 898 899 900 902 903 908 909 912 915 918 921 923 925 926 927 928 930 943 946 947 949 950 951 953 954 957 958 960 961 963 
42 532 533 534 535 536 537 538 539 540 541 542 543 544 545 548 549 550 551 552 554 555 556 557 558 559 560 561 562 563 564 565 566 567 568 569 570 571 572 573 574 575 576 577 578 579 580 581 582 583 584 585 586 587 588 589 590 591 592 593 594 595 596 597 598 599 600 601 602 603 604 605 606 607 608 609 610 611 612 613 614 615 616 617 618 619 620 621 622 623 625 626 628 629 630 631 632 633 634 635 636 637 638 639 640 641 642 643 644 645 646 647 648 649 650 651 652 653 654 655 656 657 658 659 660 662 663 664 665 666 667 668 669 670 671 672 673 674 675 676 677 678 679 680 681 682 683 684 685 686 687 688 690 692 693 694 695 696 697 698 699 700 701 702 703 704 705 706 707 708 709 710 711 712 713 714 716 717 718 719 720 721 722 723 724 725 726 727 728 729 730 731 732 733 734 735 736 737 738 739 740 741 742 743 744 745 746 747 748 749 750 751 752 753 754 755 756 757 758 759 761 762 763 764 765 766 767 768 769 770 771 772 773 774 775 776 777 778 779 781 782 783 784 785 786 787 788 789 790 791 792 794 795 796 797 798 799 800 801 802 803 804 805 806 807 808 809 810 811 812 813 814 815 816 817 818 819 820 821 822 823 824 825 826 828 829 830 831 832 833 834 835 836 837 838 839 840 841 842 843 844 845 846 848 849 850 851 852 853 854 855 856 857 858 859 860 861 862 863 864 865 866 867 868 869 870 871 872 874 875 876 877 878 879 880 881 882 883 884 885 886 887 888 889 890 891 892 893 894 895 896 897 898 899 900 901 902 903 904 905 906 907 908 910 911 912 913 914 915 916 917 918 919 920 921 922 923 924 925 926 927 928 929 930 931 932 933 934 935 936 937 938 939 940 941 942 943 944 945 946 947 948 949 950 951 952 953 954 955 956 957 958 959 960 962 963 964 965 966 
43 536 537 538 539 541 543 544 545 549 551 552 553 554 555 556 557 558 559 561 563 564 566 571 573 575 577 582 584 592 600 601 602 604 606 622 623 624 625 627 634 635 637 639 640 641 642 644 646 647 648 650 652 656 659 660 661 662 669 671 673 675 677 679 681 684 689 692 697 698 699 700 702 704 706 707 708 709 710 711 712 713 714 715 716 717 718 719 720 721 724 725 726 728 730 731 732 733 734 735 740 742 744 745 747 748 750 751 752 753 754 758 759 764 766 768 770 771 773 774 775 776 777 778 780 781 784 787 789 790 793 794 795 796 800 802 804 805 806 808 816 817 818 819 820 824 825 827 828 829 830 831 833 841 842 844 846 847 848 849 850 851 861 863 864 865 866 868 869 870 873 874 876 877 880 882 883 884 886 887 899 900 902 903 905 908 909 912 917 921 923 927 928 940 953 954 955 956 957 958 960 961 966 
44 532 533 534 535 539 540 541 542 543 544 546 547 548 550 560 562 565 567 568 569 570 572 574 576 578 579 580 581 583 584 585 586 587 588 589 590 591 593 594 595 596 597 598 599 603 605 607 608 609 610 611 612 613 614 615 616 617 618 619 620 621 626 628 629 630 631 632 633 635 636 638 639 643 645 649 651 652 653 654 655 657 658 661 663 664 665 666 667 668 670 672 673 674 676 677 678 680 682 683 685 686 687 688 689 690 691 693 694 695 696 701 703 705 712 715 720 722 723 727 729 736 737 738 739 741 743 746 749 755 756 757 759 760 761 762 763 765 767 769 772 778 779 780 782 783 785 786 788 789 791 792 793 797 798 799 801 803 805 807 809 810 811 812 813 814 815 816 819 821 822 823 826 827 832 834 835 836 837 838 839 840 843 845 852 853 854 855 856 857 858 859 860 862 867 868 871 872 875 878 879 881 885 888 889 890 891 892 893 894 895 896 897 898 901 904 905 906 907 909 910 911 913 914 915 916 918 919 920 922 924 925 926 929 930 931 932 933 934 935 936 937 938 939 941 942 943 944 945 946 947 948 949 950 951 952 959 962 963 964 965 966 
45 532 533 534 535 536 537 538 540 542 545 546 547 548 549 550 551 552 553 554 555 556 557 558 559 560 561 562 563 564 565 566 567 568 569 570 571 572 573 574 575 576 577 578 579 580 581 582 583 585 586 587 588 589 590 591 592 593 594 595 596 597 598 599 600 601 602 603 604 605 606 607 608 609 610 611 612 613 614 615 616 617 618 619 620 621 622 623 624 625 626 627 628 629 630 631 632 633 634 636 637 638 640 641 642 643 644 645 646 647 648 649 650 651 653 654 655 656 657 658 659 660 662 663 664 665 666 667 668 669 670 671 672 674 675 676 678 679 680 681 682 683 684 685 686 687 688 690 691 692 693 694 695 696 697 698 699 700 701 702 703 704 705 706 707 708 709 710 711 713 714 716 717 718 719 721 722 723 724 725 726 727 728 729 730 731 732 733 734 735 736 737 738 739 740 741 742 743 744 745 746 747 748 749 750 751 752 753 754 755 756 757 758 760 761 762 763 764 765 766 767 768 769 770 771 772 773 774 775 776 777 779 781 782 783 784 785 786 787 788 790 791 792 794 795 796 797 798 799 800 801 802 803 804 806 807 808 809 810 811 812 813 814 815 817 818 820 821 822 823 824 825 826 828 829 830 831 832 833 834 835 836 837 838 839 840 841 842 843 844 845 846 847 848 849 850 851 852 853 854 855 856 857 858 859 860 861 862 863 864 865 866 867 869 870 871 872 873 874 875 876 877 878 879 880 881 882 883 884 885 886 887 888 889 890 891 892 893 894 895 896 897 898 899 900 901 902 903 904 906 907 908 910 911 912 913 914 915 916 917 918 919 920 921 922 923 924 925 926 927 928 929 930 931 932 933 934 935 936 937 938 939 940 941 942 943 944 945 946 947 948 949 950 951 952 953 954 955 956 957 958 959 960 961 962 963 964 965 
46 532 533 535 536 537 538 539 540 541 543 544 545 546 547 548 549 551 552 553 554 555 556 557 558 559 560 561 563 564 565 566 568 569 571 572 573 574 575 576 577 578 579 580 582 583 584 586 588 589 590 591 592 594 595 596 597 598 600 601 602 603 604 605 606 608 609 610 612 613 614 617 620 621 622 623 624 625 626 627 628 629 630 632 633 634 636 637 638 639 640 641 642 643 644 646 647 648 649 650 652 653 654 655 656 657 659 660 661 662 663 664 665 666 668 669 670 671 672 673 674 675 676 677 678 679 680 681 682 684 685 689 691 692 693 694 695 696 697 698 699 700 701 702 703 704 705 706 707 708 709 710 711 712 713 714 715 716 717 718 719 720 721 722 723 724 725 726 727 728 729 730 731 732 733 734 735 736 737 738 739 740 741 742 743 744 745 746 747 748 750 751 752 753 754 755 757 758 759 760 761 762 763 764 765 766 767 768 769 770 771 772 773 774 775 776 777 778 780 781 784 785 786 787 789 790 791 792 793 794 795 796 797 798 799 800 801 802 803 804 805 806 809 810 812 813 815 816 817 818 819 820 821 822 823 824 825 826 827 828 829 830 831 832 833 834 836 839 841 843 844 845 846 847 849 850 851 852 853 854 855 857 858 859 860 861 863 864 865 866 867 868 869 870 872 873 874 875 876 877 878 880 881 882 883 884 885 886 887 890 891 892 893 894 896 898 899 900 901 902 903 905 906 908 909 910 911 912 913 914 915 916 918 919 920 921 922 924 925 926 927 928 929 930 932 934 936 937 938 940 942 943 944 945 946 947 948 949 950 951 952 953 954 955 956 957 958 959 960 961 962 963 964 965 
47 533 534 541 542 543 544 545 546 547 550 556 562 563 567 570 572 573 576 577 579 581 584 585 586 587 591 592 593 594 599 602 604 607 608 611 612 615 616 618 619 621 631 634 635 636 639 640 641 644 645 646 651 658 661 662 664 666 667 676 683 686 687 688 689 690 691 696 697 700 702 706 710 712 715 719 720 722 723 727 728 730 731 747 748 749 750 752 753 754 756 764 766 770 779 780 782 783 788 793 795 796 800 804 807 808 811 813 814 818 821 826 827 829 835 836 837 838 839 840 842 847 848 850 851 854 855 856 861 862 863 864 867 871 879 880 884 888 889 890 893 895 897 898 899 903 904 907 909 913 914 917 918 919 920 921 922 923 925 931 932 933 935 939 941 957 966 
48 532 534 535 536 537 538 539 540 542 548 549 550 551 552 553 554 555 557 558 559 560 561 562 564 565 566 567 568 569 570 571 574 575 578 580 581 582 583 585 587 588 589 590 593 595 596 597 598 599 600 601 603 605 606 607 609 610 611 613 614 615 616 617 618 619 620 622 623 624 625 626 627 628 629 630 631 632 633 635 637 638 642 643 645 647 648 649 650 651 652 653 654 655 656 657 658 659 660 663 665 667 668 669 670 671 672 673 674 675 677 678 679 680 681 682 683 684 685 686 687 688 690 692 693 694 695 698 699 701 703 704 705 707 708 709 711 713 714 716 717 718 721 724 725 726 729 732 733 734 735 736 737 738 739 740 741 742 743 744 745 746 749 751 755 756 757 758 759 760 761 762 763 765 767 768 769 771 772 773 774 775 776 777 778 779 781 782 783 784 785 786 787 788 789 790 791 792 794 797 798 799 801 802 803 805 806 807 808 809 810 811 812 814 815 816 817 819 820 822 823 824 825 828 830 831 832 833 834 835 837 838 840 841 842 843 844 845 846 848 849 852 853 856 857 858 859 860 862 865 866 868 869 870 871 872 873 874 875 876 877 878 879 881 882 883 885 886 887 888 889 891 892 894 895 896 897 900 901 902 904 905 906 907 908 910 911 912 915 916 917 923 924 926 927 928 929 930 931 933 934 935 936 937 938 939 940 941 942 943 944 945 946 947 948 949 950 951 952 953 954 955 956 958 959 960 961 962 963 964 965 966 
