3 -5 9 -11 -16 -21 22 -23 25 -28 29 -30 32 -33 -35 -36 -37 38 39 -43 -44 -47 48 -49 54 -58 -59 60 -66 -69 70 71 72 -73 74 -75 -81 82 85 -86 87 -92 -94 99 100
-2 3 4 -5 -8 -10 -11 -16 -17 -24 25 -26 -30 -31 32 34 -37 38 39 42 -44 -45 48 -52 53 54 55 57 63 -66 -68 71 -76 -80 83 85 -88 89 -95 99
1 -2 3 4 -5 -10 13 -16 -18 20 22 -27 29 -31 34 -36 -37 38 39 -41 -43 -44 48 -49 50 56 -62 -64 -66 -67 -68 -69 72 -73 -75 -78 -80 84 85 86 -88 -90 91 100
1 -5 -8 -10 -11 12 -14 -16 -17 19 20 -23 -24 -26 -28 -30 -31 32 -35 -37 39 40 42 -43 -45 46 -47 48 53 54 60 -64 -67 -69 70 71 -75 -78 82 83 -84 87 -95 -98
1 -2 9 -10 12 13 20 22 -23 -26 -27 -28 -30 -31 -35 -36 39 40 -41 42 -43 -45 46 50 -51 -52 53 54 57 -58 -59 63 -64 -66 -67 71 74 -75 82 87 -88 -93 -94 97 -98 99
1 3 -5 -7 13 -14 -17 -18 -23 -24 -30 -31 40 -41 -43 -44 -47 48 -49 50 54 55 56 -58 -59 -62 63 -65 70 71 72 74 -75 79 82 83 85 88 -91 92 -94 -96 99 100
1 -5 -6 -11 12 13 -15 19 22 -24 -27 -28 29 32 -36 39 42 -44 -45 46 48 -52 55 -59 60 -61 -67 -68 -69 71 -73 -76 -81 83 -86 87 90 -91 92 94 95 96 97
1 -2 -6 -7 -8 9 -10 -11 13 -15 -18 -21 -23 -27 29 -30 32 -33 34 38 39 40 -43 -45 -47 50 55 57 -62 -64 -68 70 72 74 -75 -77 -78 -81 83 -84 85 -86 -88 90 -92 -93 95 -98
-2 4 -8 -11 12 -23 -24 -26 -31 34 -36 42 -44 48 50 -51 54 60 -65 -68 -69 74 -75 -76 79 -80 82 83 -84 85 87 88 92 -93 94 -96 -98 -99 100
1 -2 3 -6 13 -14 -16 -17 -18 19 -27 -28 29 32 34 38 -45 46 -47 -49 53 57 -61 -68 71 72 -73 -76 -77 -78 -80 -81 82 85 87 -88 -90 92 -93 95 97
-2 3 -7 -8 -11 -15 20 -23 -24 -27 -28 -30 -31 34 -35 40 -41 42 48 50 -52 53 55 57 -58 63 -69 70 74 -75 -76 79 -80 -81 83 -84 95 100
-2 -5 -10 -11 13 19 25 -26 -31 32 -33 34 42 -47 48 -49 50 -51 54 -59 60 -61 -65 -66 -78 79 -80 84 85 86 87 88 94 -99
-2 3 -10 -11 12 -14 -16 -17 -18 20 22 -23 -24 -27 -30 -35 -36 42 -43 -44 50 -51 54 -58 60 -62 -64 -65 -66 70 72 74 79 82 -84 85 87 91 -94 97
-5 -6 -7 -10 12 13 -15 -17 -21 22 25 -26 -28 29 -30 -33 38 -43 -45 -47 50 -51 53 54 55 57 -58 -65 -67 -68 -69 -73 -87 -88 -90 -92 -96 -99 100
-7 -8 -10 12 -14 -17 -21 -23 -24 -27 -28 29 32 34 -36 -37 38 39 40 -41 -43 -44 -51 53 54 55 60 -62 63 -73 -75 -77 79 -80 -81 82 -84 -86 -91 92 94 97 100
1 -5 -6 9 -11 -14 -15 19 20 -23 -26 -31 32 -33 -36 42 -47 50 -51 -52 53 55 56 60 -66 -75 -78 79 -81 82 84 -86 87 -88 89 90 91 94 95 96 -98 -99
-2 3 -7 -11 12 -15 -17 -21 -23 25 -28 32 -33 -36 -37 -44 46 -47 48 -49 50 -51 -52 53 56 -58 -65 -68 -73 74 79 -81 85 87 -92 -93 94 -96 97 99
1 -2 3 -5 -7 -8 9 -11 -14 -17 -18 19 -21 -23 -24 -26 29 -30 -33 -35 -36 39 40 42 46 -47 -49 54 56 57 -59 -61 63 -65 -66 -67 70 71 72 -75 -76 -80 82 -84 85 86 -89 -90 -95 -96 97 -98 100
-2 -5 -8 9 -11 -14 -15 -17 -18 19 20 -21 22 -24 25 -27 -28 29 -30 38 39 -45 -49 50 53 54 55 -59 -64 -66 -69 -78 82 85 87 89 -94 -96 -98
-2 -8 9 -14 19 22 25 29 32 34 -35 -37 -44 -45 48 -49 -52 53 54 55 56 60 -62 63 -67 71 72 74 -78 -81 83 -84 87 88 89 -92 94 -95 -98 100
1 3 -5 -8 -10 12 -15 22 -24 -27 -28 -30 -33 -37 38 -51 -52 56 57 -58 -64 -69 71 72 -75 79 -80 -81 82 88 -94 95 -99
-2 4 -5 -7 9 -10 -11 13 -18 -21 -23 25 -26 -27 -28 29 -35 -36 -37 38 40 42 -43 -44 -45 48 54 55 56 -58 -59 -61 63 -65 -68 72 74 -75 -78 -80 -81 83 85 -87 89 90
1 -7 -8 -10 -11 -17 22 -26 -27 29 34 -36 -37 38 -41 42 -43 -49 -52 60 -62 -64 -66 71 -73 -75 -80 -81 -84 86 -87 89 -91 92 -93 96 -98 100
1 -6 -10 13 -18 -24 -28 -31 32 -33 -35 -36 38 40 42 -43 -44 -45 46 48 50 -51 54 -58 -59 60 -62 -67 -68 72 74 -76 -77 -78 86 87 89 -90 -91 -93 100
1 3 -8 12 -14 20 -21 -23 -24 25 -28 29 -31 -35 38 -43 46 -52 53 57 60 -62 -67 -68 -69 -73 -75 -77 -78 -84 -87 -95 96 100
-2 3 4 -6 -7 9 -15 -16 -17 -21 -24 -31 -33 34 -35 -36 -37 39 40 -41 42 -43 -44 -45 46 50 54 56 57 -58 60 -61 -62 -64 -66 74 -75 -78 -80 83 -84 -86 -96 -98 99
1 -2 4 -6 -8 13 -16 -17 -18 -23 -24 -30 -37 38 40 -43 -44 46 50 -51 56 -58 60 -61 -62 63 -68 70 74 -76 79 82 83 -84 85 -88 90 91 -93 94 -96 97 99
1 9 -10 -11 13 -18 20 -21 -26 -27 -35 39 -45 46 -47 55 57 -58 -65 74 -81 83 -86 87 89 -91 -92 -93 100
1 -2 -6 -11 13 -18 -24 -26 29 38 39 -41 -45 -51 56 -59 -64 -65 -66 -67 70 71 72 -76 -77 82 83 85 87 88 89 95 96 -99
-2 4 9 -10 -11 12 13 -14 -17 -18 -24 25 -27 -28 -31 32 -33 34 -35 -36 46 -47 48 -52 53 55 -61 63 72 -73 74 -75 79 82 83 -84 88 89 -90 -92 94 97 99
1 -2 -5 -11 12 -15 -16 -18 19 -27 -33 -35 38 -41 42 50 56 -59 -62 -64 -65 -69 70 71 72 74 -76 79 -81 82 83 89 -91 92 97 -98 -99
1 3 4 -7 -8 9 -11 -18 -24 -26 -27 -28 -30 -31 -33 -35 39 -41 42 -44 53 -58 -59 -62 -64 -66 -67 -69 70 -76 -80 84 -88 89
1 -2 3 4 -5 9 -11 -14 -15 -18 19 20 22 -23 25 -27 -31 32 -33 40 -43 -44 48 50 -51 53 54 56 60 63 71 72 74 -76 -81 82 83 84 85 -88 91 -93 -96 97 -98 -99
1 -2 4 9 -11 13 -16 19 20 22 -23 25 -31 32 34 -35 -37 38 -41 42 -45 -52 53 -58 -59 -68 -76 -77 -78 88 -91 -93 94 95 -96 97 100
-2 3 -5 -6 -7 -10 -16 -18 22 -24 25 -31 34 -36 -37 38 -41 42 -43 48 -51 56 -61 -64 -66 -68 70 72 -73 -75 -78 -81 -88 -91 -96 97
4 -5 -6 -7 -8 13 -16 19 20 25 -27 29 -31 -33 34 -37 38 39 40 42 -43 -44 46 55 57 -59 -61 -62 63 -67 -69 74 -75 -76 79 -81 82 83 85 -87 -88 -92 -98 100
1 -2 4 9 12 13 -16 22 -24 25 -31 32 -33 34 -36 38 -41 -43 -45 54 55 57 -59 -61 -66 -69 70 71 74 -75 -76 -77 -78 82 -84 -87 -89 -93 100
-2 3 4 -6 -7 -10 -11 -15 -18 22 -26 -27 -31 32 -33 34 38 39 -43 -45 -51 53 54 -58 -62 63 -64 -67 -69 70 71 72 -76 -78 -81 82 83 -86 -87 88 89 -90 96 -98
1 -8 -10 -14 -15 -17 19 -21 -23 -26 -28 32 -36 40 -41 42 -43 -45 -49 55 57 -59 60 -64 -65 -68 -69 70 72 74 -75 -81 -88 89 -90 -93 -94 96 -99 100
1 4 -6 -7 -8 -10 -11 13 -14 -15 -17 19 20 -23 25 -26 -27 -31 -33 34 -36 40 -41 46 50 54 55 57 60 -62 -66 -68 -69 70 72 -77 -78 79 -81 83 -84 85 -86 87 89 90 -91 92 -94 -95 97 100
3 4 -10 -11 12 -18 19 -21 -23 -24 25 29 -31 -37 38 -41 46 -47 48 50 -51 53 54 56 57 -65 -66 -67 -69 70 -73 -75 -76 -77 -80 82 83 -86 -87 -93 -95 100
-2 -5 -8 -10 13 -14 -17 -18 20 -23 32 -33 34 -35 -37 38 40 -43 -47 48 -52 55 -58 -59 60 63 -68 -69 71 74 -76 -77 -78 -80 82 -88 92 -93 -94 97 99
3 4 -5 -7 -10 -14 -15 -17 20 -21 -23 -24 -26 -27 -28 29 -30 -31 32 -35 -37 39 -49 53 57 -58 63 -65 -66 -67 -68 72 -73 74 -76 -78 -80 86 -90 -94 96 97 -98 100
4 -5 -11 13 -14 -16 -17 -21 22 -23 25 -26 29 38 39 -43 -44 48 -49 53 54 56 60 -66 -67 72 74 -77 -78 -80 -81 82 83 -84 85 -88 91 92 -93 -98 100
-6 -7 -8 -10 12 -14 -18 19 22 25 -26 -27 -28 -30 39 40 -43 46 -47 50 -51 54 55 -58 -61 -67 70 71 -75 -78 85 -86 -88 89 92 -95 -96 -98 100
1 -2 9 -10 12 -18 20 22 25 -26 -28 -31 34 -35 -37 -44 -47 48 56 -58 -59 63 -65 -66 -68 70 71 -73 74 -75 -76 -80 -81 83 -84 86 89 91 -95 96 97
1 -2 -5 -6 -8 -10 12 -17 -18 -21 22 29 -33 34 38 39 40 -41 -43 -44 48 -49 -52 53 55 -58 -59 60 -67 70 71 -78 -80 -81 83 85 -88 90 95 -96 97 100
1 -2 -5 9 12 -16 -21 -23 -24 -26 -27 -30 -33 34 -36 -44 46 -47 50 55 -58 -59 -67 70 71 72 74 -77 -78 -84 -87 92 -96 100
1 -2 -5 -8 -11 12 13 -14 -15 -16 -17 19 22 -24 -26 -27 -28 -33 -35 -36 -37 40 42 -43 -47 48 50 -51 53 -58 -59 -65 -66 70 72 -77 79 -80 -84 85 87 88 89 -91 -96 97 -98
-2 3 -5 -10 -14 -15 -17 -18 22 25 -27 -33 -35 -36 -44 -45 50 54 -58 -59 -61 -65 72 -76 -77 -78 -81 85 88 -92 -93 97 -98 -99 100
1 -7 -10 12 13 -17 25 -26 -33 34 38 39 -41 -45 -47 48 -52 54 55 57 -59 60 -62 63 -66 72 -75 -76 -77 -78 -80 82 83 -84 85 -86 89 92 -95 -98 -99 100
1 -5 -6 -8 9 -10 -11 -15 -16 -18 19 20 -23 -24 -27 -28 29 32 -35 -36 38 42 -43 -44 -45 46 -51 53 55 -61 63 -64 -65 71 79 -81 85 86 -87 -89 -92 -93 97 -98
1 3 4 -5 -17 -24 25 -30 42 -43 46 -47 50 -52 53 54 55 -58 -59 -61 -62 -64 -65 -66 -68 72 74 -75 -78 -81 82 83 85 89 -94 96 97 -98 -99 100
3 -5 9 -11 12 -14 -16 -17 -21 22 -23 -24 -26 -27 -30 32 -35 -44 -45 -51 -52 54 60 -61 -64 -65 -67 -68 70 -78 83 -84 -86 -88 -91 -93 -94 -96 97
-5 -6 -11 13 -14 -16 -17 22 -24 25 -27 32 34 -35 38 42 -43 -44 -49 -58 -59 -61 -68 71 72 74 -75 -78 -81 -84 -86 88 91 -92 -94 -95 100
1 4 -7 -15 -16 19 -21 -23 -24 25 -31 32 -35 -36 39 40 42 -43 -44 48 -52 55 63 -67 74 -76 -77 -81 82 -87 -94 -95 -96 100
3 4 -6 -7 9 -10 12 -14 -16 20 -21 -24 32 -33 38 40 -45 50 -52 53 54 -58 -59 -62 63 -64 -69 71 74 -75 -76 79 82 83 85 -86 87 92 97 -98 100
1 -2 3 -5 -8 -10 13 -15 -18 20 22 -27 -30 32 -36 -37 38 40 42 -47 -49 50 54 55 56 57 -58 63 70 74 -75 -76 79 83 -86 89 91 -92 94
-2 3 4 -7 -10 -15 -17 -23 -30 -31 34 -35 -36 38 42 -44 -49 -51 53 54 56 -58 63 -64 -65 -66 -68 -69 -73 74 -78 -80 -81 82 85 86 87 88 -91 -93 95 97 100
1 -2 3 4 -8 9 -10 13 -15 20 -21 22 -23 -24 -31 32 -33 34 -35 -44 -45 46 53 56 -62 63 -64 -67 72 -73 74 -75 -77 79 -81 83 -86 -87 88 -92 -94 -98
-2 4 -8 -10 -14 -17 -18 -44 46 50 -58 -64 74 -75 79 -81 86 -87 88 -89 -93 97 -98 -99
-6 -7 12 -15 -17 19 20 -26 -27 29 -30 -31 32 -33 40 -41 42 -45 -49 -51 53 56 57 -58 -59 63 -64 -65 70 -73 -75 -78 79 85 -94 100
1 3 -5 -6 -7 -8 9 12 -15 -18 20 -31 34 -36 -41 -44 50 54 -58 -61 -62 -64 -69 71 72 74 -75 -77 -78 -80 -86 88 89 90 -93 99
-5 -6 -7 9 -17 19 20 -21 -24 25 -27 -30 -31 -37 38 -41 -44 -49 55 -58 71 -73 -80 -81 -95 -96 -98 99 100
1 -2 3 -6 -7 -8 -10 -11 -16 -18 -21 -27 -28 -31 34 -35 40 -44 46 48 -51 53 56 -62 -64 -66 -67 71 72 74 -81 82 83 84 85 86 -88 -98 -99 100
4 -5 -6 -7 -8 9 13 -15 -16 20 -21 25 -26 29 -35 -36 -37 39 -45 -49 53 -58 -59 -61 -64 -67 -68 -76 79 82 85 86 88 89 -92 -93 99
3 4 -7 -8 -11 12 -14 -16 19 -21 22 -23 -26 -27 -30 -31 34 -37 38 -41 42 -43 -47 48 53 54 -59 60 -61 -62 63 -67 -68 70 72 -77 -78 -81 85 87 -88 91 -93 94 100
-2 -7 -8 13 -15 -17 22 -23 -31 -36 38 39 40 -44 -47 -51 54 55 -61 -62 63 -67 -69 70 -80 82 85 86 87 -90 -91 -98 99
-2 -7 -10 13 -15 20 -21 22 25 -26 -28 -30 -31 -33 -35 42 -43 -45 -51 -52 56 57 -58 63 -65 -69 70 71 -73 -77 -78 -80 -81 85 -88 94 -95
-2 3 -6 -7 -8 9 -15 22 -23 25 -27 -30 -31 -37 38 40 -41 42 -45 46 50 -52 57 -58 -59 60 -62 -66 -67 70 -76 -77 -81 82 -84 85 87 -88 89 -90 -91 -94 -95 -98 100
-6 -7 -8 13 -14 -15 -16 -18 22 -24 25 -27 -28 -30 32 39 -41 42 -43 -44 50 -52 53 54 55 57 -59 60 -61 -64 -65 -66 -68 -69 71 -73 -76 -78 79 -89 90 91 -93 -96 97 100
-6 -7 13 -14 -15 19 -24 -30 32 -36 -37 39 -41 -43 46 -51 53 57 60 -61 -64 -68 -69 71 72 -73 -76 79 83 85 -86 -96 97
1 -2 -7 -8 9 12 -15 -17 -21 -33 34 -36 -41 -44 -47 50 57 -59 -62 -65 -66 70 -81 83 84 85 87 -88 -90 91 -93 -96 -98 100
-5 -6 -7 -8 12 -18 19 -21 -27 -28 -30 32 -41 -43 -45 46 -49 54 -59 -64 -66 -68 70 71 -73 74 -77 -80 83 84 -88 -89 -93 97 -98 99
4 -5 -8 -10 -14 -15 -18 19 -21 -23 -26 -28 29 -30 -31 -33 -36 40 -41 -43 -44 -45 -49 53 54 57 -58 -64 -65 -76 -78 -80 83 85 -88 -91 92 96 -98 -99
-2 -7 13 -14 -16 -18 19 22 -26 -28 -31 32 40 -41 -43 -44 -49 50 -52 53 54 57 -58 60 -61 -62 -65 -66 -67 -68 -69 -73 -75 -76 -78 -80 82 83 -87 -90 91 97 -99
1 -2 3 4 -7 -8 9 13 -14 -15 19 20 -24 25 -26 -27 29 -30 -33 34 -36 42 53 55 -59 -62 -64 -65 -66 -67 -68 72 74 -75 -76 -77 83 -89 -93 94 -95 97 -98 -99 100
-2 -10 12 13 -14 -15 -17 20 22 -23 -27 -33 34 -37 39 46 -47 -49 -52 53 54 56 -61 -62 -67 71 -73 79 83 91 -92 -93 -95 -96 97 100
-2 -10 -11 12 13 -15 -17 -18 19 20 22 -24 -27 -28 -37 39 -41 -49 55 56 63 -65 -66 -67 -73 -75 -78 79 -81 82 83 -86 87 88 91 -92 -96
-6 -8 -14 -15 -21 25 -26 -27 -28 -31 32 -33 34 -35 -47 50 57 -58 -62 63 70 -73 -75 -78 -81 90 94 -95 -96 99
4 -6 -7 -11 13 -14 -15 -18 -21 -24 -26 -28 -37 39 42 -47 48 50 -52 54 55 57 63 -66 -68 -69 72 -75 -77 79 -80 -81 82 84 85 87 -90 91 97 -98 100
-10 12 -16 -18 20 -21 25 -31 34 -37 38 -41 -45 -47 48 -49 50 53 54 55 -58 -62 -64 -67 -68 -69 71 72 -73 74 -78 -81 82 87 89 -91 -92 94 95 96 -98
1 -2 3 -5 -6 -7 -8 -16 -23 -26 29 -36 -37 39 42 48 -51 53 55 57 -58 60 -61 -62 63 -64 -66 -69 71 74 -76 -77 -81 82 -86 -92 -93 -99
-2 4 -6 -7 -8 -10 12 -14 -15 -17 19 20 -24 -26 -30 -31 32 -33 34 -37 40 -41 42 46 -47 48 -51 53 -58 -59 63 -65 -68 71 72 74 -76 79 -80 82 -86 88
1 3 4 -10 12 -15 -18 -21 -23 -24 -28 32 -41 42 -43 -45 -49 53 54 55 56 57 -61 -64 -65 -66 -69 70 74 -75 -78 -80 -81 82 83 85 -86 87 88 100
1 -2 3 -5 -7 12 -15 19 -21 -23 -28 29 -31 32 34 -37 46 48 -51 53 54 55 57 60 -67 70 71 -73 74 -75 -77 82 87 88 -93 94 -98 -99 100
3 4 -7 9 -10 -15 -17 -18 -23 -26 -27 -28 29 32 -36 -37 38 40 42 -44 46 -49 50 -51 53 54 55 -58 -59 -64 -65 -66 -67 -68 72 74 -76 -78 -81 -84 85 -86 88 -93 -96 97 -98
1 -2 3 4 -6 -11 -14 -17 -18 -21 22 -23 -24 -26 -30 -31 32 34 -35 -36 -37 38 39 40 42 -43 -44 -45 46 -49 -62 71 74 -76 79 -81 83 84 85 -90 92 94 -95 -98 -99
-2 3 -5 -6 -7 9 -10 -11 19 -24 29 34 40 -41 -43 -44 46 -47 50 -52 53 54 -58 -61 -64 70 71 -73 74 -76 -78 79 84 85 86 87 88 -89 -92 -93 -96 100
1 -5 -6 -7 9 -17 19 22 -30 -36 42 48 50 -51 53 54 56 57 -58 -59 60 -68 -69 -73 -76 -84 89 -90 -92 -93 -96 97 100
4 -8 9 -10 -14 -16 20 -21 -23 25 29 -33 34 -35 38 40 42 -43 -45 -49 50 53 60 -62 -65 -67 -69 -73 -76 -77 79 -81 83 85 -86 -90 91 -93 96 97 -98 99 100
3 -7 12 13 -18 19 20 22 -24 25 -30 -31 -35 38 39 -41 -44 -45 46 48 -49 50 -52 55 56 57 60 63 -65 -66 -67 71 -78 79 -80 83 84 85 86 88 89 -90 -92 -95 -98 99 100
