2 7 9 12 13 15 18 20 22 23 26 28 29 31 37 40 53 55
2 7 10 12 14 16 18 20 22 24 25 28 29 31 35 40 48 53 55
4 7 9 12 13 15 18 24 26 28 30 31 40 54
2 7 9 11 13 15 18 20 21 24 26 28 30 31 39 40 48 53 54
4 7 9 12 13 15 18 20 21 23 25 28 30 31 35 42 48 53 55
3 7 9 12 13 15 18 20 22 24 25 27 30 34 35 40 48 50 55
2 7 10 12 13 15 17 20 22 24 25 27 29 34 44 48 53 55
2 7 9 11 13 15 18 20 22 24 25 28 30 31 35 40 48 50 55
2 7 9 12 13 15 18 19 21 24 25 28 30 32 37 42 54
2 7 9 12 13 15 18 20 22 23 25 28 30 31 35 40 48 52 55
4 7 10 12 13 16 18 19 21 23 25 28 30 31 39 44 48 54
2 7 10 12 13 16 18 20 22 23 25 27 30 31 35 40 48 53 55
3 7 10 12 13 15 17 20 22 24 25 27 30 34 40 46 53 54
4 7 9 12 13 15 18 24 25 28 30 55
2 7 10 12 13 15 18 20 21 24 25 27 29 31 39 40 46 50 55
2 7 9 12 13 15 17 20 22 23 25 28 29 34 40 48 55
2 7 10 12 13 16 18 20 21 23 26 27 29 32 37 40 45 50 55
2 7 9 12 13 15 18 20 21 24 25 27 29 34 36 42 46 50 55
2 7 9 12 13 15 18 23 26 27 30 34 35 40 48 53 55
2 7 9 12 13 16 18 23 25 27 30 31 37 40 46 55
2 7 10 12 13 15 17 20 21 24 25 27 29 32 39 40 48 55
3 7 9 12 13 15 17 19 21 24 25 28 30 33 35 41 48 55
2 7 9 12 14 16 18 20 21 24 26 28 30 31 39 40 48 53 55
2 7 9 12 13 15 17 20 22 23 26 28 30 34 40 45 55
2 7 10 12 13 15 18 20 21 24 26 27 29 31 35 40 45 53 55
2 7 9 12 13 15 18 20 22 24 26 27 30 31 35 40 48 50 55
2 7 9 12 13 16 17 20 22 23 25 28 30 54
2 7 9 12 13 15 17 20 21 24 25 27 29 31 35 40 48 55
6 7 9 12 13 15 17 31 35 44 48 52 55
