3 4 6 10 14 21 24 28 31 37 40 47 48 53 62
3 4 6 10 17 19 24 26 32 36 41 46 48 52 55 60 64 72 73
3 4 6 10 17 21 23 26 31 36 39 46 48 52 55 72 75
3 4 6 12 14 22 26 31 36 39 46 49 52 55 64 72 73 78 82
3 4 6 10 14 21 22 26 30 36 41 44 49 59 71 73
2 4 6 10 17 21 24 28 33 36 40 46 50 57 58 62 67 72 74
3 4 6 12 14 21 36 72 73
3 5 7 17 21 23 26 30 36 42 44 48 59 72 73
2 4 6 10 14 19 24 26 30 36 40 45 48 52 55 62 67 70 73
3 5 7 12 17 21 36 68 73
2 4 6 10 14 21 22 26 30 36 41 44 48 60 63 72 73 78
3 4 6 12 17 21 24 28 35 36 43 47 48 57 62 72 73 82
2 4 6 8 17 21 24 26 33 37 42 47 50 52 55 71 74 80 82
3 4 6 11 17 24 28 34 37 42 46 51 53 55 62 67
2 4 6 12 16 19 30 39 44 71 75
2 4 6 10 14 21 30 36 46 61 72 74
3 4 6 12 16 22 26 30 36 41 46 49 52 55 59 65 70 73 78 83
3 4 6 8 16 21 23 28 32 36 39 46 49 54 55 58 72 73
3 4 6 10 14 21 22 26 32 36 41 46 48 59 63 71 73
3 4 6 12 17 21 22 26 34 36 41 46 49 53 55 61 65 72 73 79 82
3 4 6 8 16 21 25 26 32 36 45 48 52 55 59 63 72 73
3 4 6 10 14 21 24 30 36 40 72 73
3 4 6 12 16 21 39 44 52 55 59 71 74
3 4 6 10 17 21 22 26 36 41 46 52 55 72 73 78 82
3 4 6 10 17 35
3 4 6
3 4 6 10 16 21 22 26 30 36 39 46 48 53 55 61 64 72 73 78
3 4 6 11 17 21 24 26 31 36 40 44 49 61 64 72 74
3 4 6 10 17 22 27 32 36 39 44 48 52 55 59 63 72 75
3 4 6 10 14 24 26 30 36 39 44 49 53 55 61 64 71 73 79
3 4 6 8 17 21 24 28 34 37 42 44 49 52 56 60 63 72 73 79 82
3 4 6 22 26 32 36 39 46 48 60 64 72 73
3 5 7 10 17 22 30 36 43 46 48 53 55 61 72 73 78 82
3 4 6 8 16 21 25 26 32 36 45 48 52 55 59 63 72 73
3 4 6 10 17 21 24 26 32 37 41 46 49 54 57 62 66 72 73 79 82
3 4 6 10 17 21 22 26 30 37 39 46 48 61 71 75
2 4 6 8 14 19 23 26 30 36 41 46 50 54 55 62 67 73
2 4 6 12 17 25 28 34 37 40 47 50 53 57 58 72 73 80 82
3 4 6 10 17 21 24 27 31 36 41 45 48 53 56 59 63 72 73
3 4 6 10 17 21 25 28 33 37 40 47 51 52 55 72 76 79 82
3 4 6 19 22 26 31 36 40 44 49 54 55 59 65 72 73 79
3 4 6 10 14 19 24 32 36 39 48 64 72 73
3 4 6 10 14 21 22 26 30 36 39 46 48 61 65 71 73
2 4 6 10 16 19 24 26 30 36 46 49 52 55 59 65 72 73 79 82
3 4 6 10 16 21 22 26 30 36 44 48 53 55 62 65 72 73
3 4 6 10 16 19 22 26 30 36 39 46 52 55 61 64 72 73 79 82
3 4 6 11 17 21 24 28 37 43 47 51 61 67 72 73
3 4 7 10 16 19 23 26 31 36 41 48 53 60 72 73 78
3 4 6 12 14 21 23 26 31 36 39 44 59 63 72 74
2 4 6 8 17 21 32 36 40 46 50 70 74 82
3 4 6 10 14 19 24 26 30 44 49 59 72 75
3 4 6 11 16 22 26 30 36 41 44 48 53 55 59 72 73 79 84
3 4 6 10 16 21 24 28 33 36 39 47 49 53 58 64 72 73 78
3 4 6 21 24 26 30 36 41 46 49 72 75
3 4 6 12 17 21 23 26 32 36 41 46 49 52 55 59 67 72 73 78
2 5 7 17 21 24 28 33 37 42 47 50 54 62 67 72 73 80 82
3 4 6 8 14 21 22 26 32 36 44 48 59 71 73
3 4 6 10 16 21 22 30 36 39 46 48 53 57 58 62 65 72 73
3 4 6 10 14 19 22 26 30 36 39 44 48 72 74
3 4 6 12 16 21 23 30 36 39 44 48 52 55 59 63 71 75
3 4 6 12 16 21 24 26 30 36 39 44 48 53 55 61 63 72 73
3 4 6 10 16 21 23 26 30 36 39 49 53 55 64 72 73
3 4 6 11 17 21 22 26 34 37 40 45 48 53 55 60 65 72 73 79 82
3 4 6 12 16 21 22 26 30 36 41 46 49 52 55 59 65 71 73 78 83
2 4 6 17 21 24 28 32 36 46 53 55 66 72 74 82
2 4 6 12 17 21 33 36 41 47 49 62 64 72 77 79 82
2 4 6 17 33 37 43 47 51 52 55 67 69 75
3 4 6 10 17 21 22 26 31 36 40 45 48 62 63 72 73
3 4 6 8 17 21 24 32 37 40 45 48 65 70 80 84
2 4 6 12 17 21 34 36 46 50 52 62 72 75 78 82
3 4 6 9 14 21 23 26 32 36 39 46 49 52 55 59 67 72 74
3 4 6 8 16 21 30 36 46 72 73 78 83
3 4 6 10 17 21 25 28 30 36 40 47 50 53 56 58 72 73 78 82
3 4 6 10 17 21 22 26 31 36 40 44 48 53 55 59 72 75 78 82
3 4 6 10 14 19 24 32 36 39 44 48 63 72 73
3 4 6 12 14 21 23 26 30 36 41 44 48 59 72 74 78 82
3 5 7 10 17 21 22 26 31 36 39 46 49 54 58 72 73 78 82
3 5 7 10 17 21 22 26 31 36 39 46 49 54 58 59 63 72 73 78
3 4 6 12 17 19 24 37 41 46 49 53 55 61 72 73 78
3 4 6 10 16 21 22 26 30 36 39 46 48 53 55 61 64 72 73 78 84
3 4 6 10 17 21 36
3 5 7 12 17 21 71 73
2 4 6 10 16 21 22 26 31 36 39 45 48 52 55 59 72 73
3 4 6 10 17 21 24 28 32 44 48 53 55 62 72 75 79 82
3 4 6 12 17 21 25 28 35 46 50 72 73
2 4 6 10 14 21 24 28 30 36 39 46 59 63 71 75
3 4 6 10 17 21 22 26 32 36 41 49 53 55 61 67 72 73 79 82
3 4 6 8 17 21 35 37 72 73
3 4 6 11 14 21 22 26 30 36 40 44 48 61 64 72 75
3 4 6 10 14 21 23 26 32 36 41 46 48 59 65 71 73
2 4 6 10 16 21 22 26 30 36 39 45 48 53 59 63 72 73 79 84
3 4 6 10 17 21 28 34 37 48 52 56 67 72 73 79 82
3 4 6 10 16 21 23 26 32 36 39 46 49 53 55 61 67 72 74 78 82
2 4 6 10 13 21 24 26 30 36 42 45 49 54 57 58 61 72 75 79 82
3 4 6 9 14 21 22 26 30 41 45 48 52 55 61 65 71 73
3 4 6 12 14 20 24 26 30 36 40 46 49 64 71 75
3 4 6 10 17 21 22 26 32 36 40 46 49 52 56 61 72 75
2 4 6 10 16 21 22 26 30 37 39 45 48 53 59 63 72 73 79 84
3 4 6 9 16 23 26 30 36 39 44 48 52 55 72 75
3 4 6 12 16 21 24 26 30 36 39 46 49 53 55 61 64 72 73 78
3 4 6 10 14 21 22 26 32 36 39 46 48 59 71 74 78 82
3 4 6 14 21 22 26 30 36 41 46 48 53 55 63 73
2 4 7
3 4 6 10 16 21 22 26 32 36 40 44 52 55 62 67 72 73
3 4 6 10 17 21 23 27 31 36 39 44 48 54 55 59 63 72 75
3 4 6 17 21 24 28 33 37 43 47 49 62 72 73 80 82
2 4 6 17 21 25 33 37 40 47 67 72 75
3 4 6 8 16 21
2 5 7 12 17 21 22 28 31 37 41 46 50 54 55 58 72 73 78
3 4 6 12 17 21 24 28 35 37 40 47 50 52 56 61 67 72 73 79 82
2 4 6 8 17 21 24 28 35 36 40 47 51 54 56 58 62 67 72 76
3 4 6 8 13 19 22 26 30 36 40 46 48 53 55 62 63 71 73
3 4 6 10 16 21 23 28 32 38 41 44 49 53 56 66 72 73
3 4 6 11 16 21 26 31 37 41 47 48 53 56 58 64 72 73
3 4 6 8 16 19 22 26 30 36 40 46 49 53 55 61 67 71 74 78 82
3 4 6 11 17 24 28 34 37 42 46 51 53 55 62 67
2 4 6 8 14 21 62 63 71 74 78 82
3 4 6 10 16 21 23 26 34 36 41 44 48 55 64 72 73 80 82
3 4 6 10 14 21 26 30 36 42 46 49 52 55 62 72 75
3 4 6 8 16 21 24 26 30 36 40 44 52 55 61 64 72 73 78 82
3 4 6 12 16 22 26 30 36 39 46 48 59 65 68 75
3 4 6 12 17 21 23 26 30 36 39 44 48 53 60 72 73 79 82
3 4 6 8 14 19 24 26 30 36 41 44 49 53 61 65 72 73 78 82
3 4 6 10 16 21 24 26 31 36 40 46 49 57 58 66 72 73 80
