6 11 14 17
2 11 12 15
2 11 12 15
4 11 14 17
2 10 12 15
2 11 12 15
2 9 12 15
2 11 12 15
2 11 12 15
3 8 14 17
2 11 12 15
4 11 14 17
4 11 14 17
6 10 14 17
6 11 14 17
2 11 12 15
2 11 12 15
4 7 14 17
6 11 14 17
6 10 14 17
3 10 14 17
4 11 14 17
4 10 14 17
2 7 12 15
2 10 12 15
6 11 14 17
6 10 14 17
6 11 14 17
3 7 14 16
2 11 12 15
4 7 14 17
6 8 14 17
6 10 14 16
3 7 14 17
2 11 12 15
6 8 14 17
4 8 14 17
6 11 14 17
3 10 14 17
4 8 14 17
6 11 14 17
2 10 12 15
2 11 12 15
2 11 12 15
2 11 12 15
4 10 14 17
6 11 14 17
2 11 12 15
4 10 14 17
2 10 12 15
2 11 12 15
2 11 12 15
6 11 14 17
2 11 12 15
6 7 14 17
4 11 14 17
2 11 12 15
3 11 12 15
2 11 12 15
2 11 12 15
6 9 14 17
3 10 14 17
2 11 12 15
2 11 12 15
2 11 12 15
6 11 14 17
2 7 13 17
4 8 14 16
2 11 12 15
4 7 14 17
6 11 14 17
2 11 12 15
2 11 12 15
2 11 12 15
6 10 14 17
6 7 14 17
3 7 14 17
6 10 14 17
3 7 14 16
2 11 12 15
2 11 12 15
2 11 12 15
2 10 12 15
2 11 12 15
2 10 12 15
3 11 12 15
4 9 14 17
3 8 14 17
