65461 65470 #SUP: 366
65469 65510 #SUP: 192
82 65525 #SUP: 187
25 65455 #SUP: 187
29 65459 #SUP: 187
13 65455 #SUP: 187
65489 65512 #SUP: 177
65487 65492 #SUP: 177
20 65508 #SUP: 177
9 65493 #SUP: 177
65470 65510 #SUP: 148
85 65461 65470 #SUP: 142
39 65525 #SUP: 122
29 63 #SUP: 122
13 55 #SUP: 122
65463 65470 #SUP: 112
29 65512 #SUP: 109
13 65492 #SUP: 109
65461 65469 #SUP: 92
65512 65528 #SUP: 92
65491 65492 #SUP: 92
3 20 #SUP: 92
9 65529 #SUP: 92
13 25 65455 #SUP: 87
63 65489 #SUP: 86
40 65508 #SUP: 86
65459 65489 #SUP: 72
65459 65528 #SUP: 71
20 82 65525 #SUP: 64
9 65493 65525 #SUP: 63
25 65487 65492 #SUP: 63
40 82 65525 #SUP: 62
20 39 65508 #SUP: 56
85 65469 65510 #SUP: 55
25 65455 65487 #SUP: 51
25 55 65487 #SUP: 51
20 82 65508 #SUP: 51
39 65493 65525 #SUP: 51
