2 3 4 6 8 289 288 286 284 280 
5 7 281 288 287 289 285 283 282 280 
6 281 288 287 286 289 284 283 282 280 
1 2 6 8 9 10 286 284 283 282 
2 3 4 7 10 288 287 285 284 280 
1 5 9 10 287 286 285 283 281 
3 4 5 8 281 288 289 286 285 280 
5 8 9 281 289 286 285 282 280 
4 6 8 10 281 288 286 284 282 280 
1 3 6 9 289 287 286 284 283 281 
281 288 287 286 285 284 283 282 280 289 
1 3 4 5 6 7 10 288 287 281 
1 4 6 289 288 287 286 284 282 281 
4 5 8 281 288 289 286 285 282 280 
3 10 281 288 287 286 285 284 283 280 
1 2 3 4 6 8 10 288 286 284 
2 3 7 8 9 10 285 284 283 280 
1 2 3 8 289 288 286 285 284 283 
3 4 5 6 9 10 281 287 286 280 
1 9 10 287 286 285 284 282 281 
1 2 3 7 289 288 287 285 284 283 
3 4 7 9 10 281 287 285 284 280 
10 281 288 287 286 285 284 283 282 280 
1 3 4 5 289 288 287 286 285 281 
5 6 8 9 281 289 286 283 282 280 
3 4 6 9 281 289 287 286 284 280 
1 2 3 4 7 8 10 288 285 284 
1 3 5 9 289 287 286 283 281 
1 8 9 289 286 285 284 283 282 281 
1 3 8 9 289 286 285 284 283 281 
2 3 9 289 287 286 285 284 283 280 
1 4 289 288 287 286 285 284 282 281 
1 5 10 288 287 286 285 283 282 281 
1 6 7 9 10 287 284 283 282 281 
4 5 8 281 288 289 286 285 282 280 
1 2 3 6 10 288 287 286 284 283 
1 2 3 5 6 8 289 288 286 283 
3 4 5 281 288 287 286 285 280 
1 3 4 5 6 9 10 287 286 281 
1 3 4 5 9 289 287 286 285 281 
1 5 6 7 8 289 288 283 282 281 
1 2 3 7 9 289 287 285 284 283 
1 3 8 289 288 286 285 284 283 281 
3 9 281 289 287 286 285 284 280 
3 4 5 8 281 288 289 286 285 280 
4 5 10 281 288 287 286 285 282 280 
3 4 6 7 9 10 281 287 284 280 
1 6 9 287 286 284 282 281 
1 2 3 4 5 6 8 9 10 286 
2 3 7 9 10 287 285 284 283 280 
3 6 289 288 287 286 284 283 281 
1 6 7 10 288 287 284 283 282 281 
1 4 9 10 287 285 284 282 281 
1 4 7 9 10 287 285 284 282 281 
1 5 7 10 288 287 285 283 282 281 
3 4 5 7 9 10 281 287 285 280 
1 2 3 4 7 10 288 287 285 284 
1 3 4 5 8 10 288 286 285 281 
1 3 6 7 8 289 288 284 283 281 
1 2 3 4 6 7 289 288 287 284 
1 4 6 7 10 288 287 284 282 281 
4 5 8 10 281 288 286 285 282 280 
3 4 5 8 281 288 289 286 285 280 
3 5 10 281 288 287 286 285 283 280 
3 4 5 7 8 9 289 281 285 280 
1 2 4 6 8 9 289 286 284 282 
1 3 4 5 7 8 289 288 285 281 
1 2 3 6 7 9 289 287 284 283 
7 10 281 288 287 285 284 283 282 280 
3 4 5 6 8 289 288 281 286 280 
1 3 4 5 8 10 288 286 285 281 
1 4 6 7 9 10 284 282 281 
1 4 5 7 8 10 288 285 282 281 
3 4 7 8 10 281 288 285 284 280 
2 3 4 7 289 288 287 285 284 280 
1 4 5 6 9 10 287 286 282 281 
6 7 9 10 281 287 284 283 282 280 
4 6 7 9 281 289 287 284 282 280 
1 2 3 8 9 10 286 285 284 283 
1 2 3 7 9 10 287 285 284 283 
2 4 7 8 9 289 285 284 282 280 
1 3 5 6 9 10 287 286 283 281 
1 3 5 7 289 288 287 285 283 281 
1 2 5 6 8 289 288 286 283 282 
1 3 5 289 288 287 286 285 283 281 
2 3 4 7 9 10 287 285 284 280 
3 4 5 6 8 289 288 281 286 280 
5 7 8 10 281 288 285 283 282 280 
1 4 5 7 8 289 288 285 282 281 
1 7 8 10 288 285 284 283 282 281 
1 2 3 4 6 8 9 289 284 
5 9 281 289 287 286 285 283 282 280 
4 5 6 7 9 289 281 287 280 
1 4 6 10 288 287 286 284 282 281 
1 2 3 8 9 289 286 285 284 283 
1 5 6 7 9 289 287 283 282 281 
2 3 7 8 10 288 285 284 283 280 
1 3 4 7 8 9 289 285 284 281 
4 5 6 7 9 289 281 287 282 280 
2 3 5 6 8 10 288 286 283 280 
1 4 5 9 10 287 286 285 282 281 
1 5 10 288 287 286 285 282 281 
3 9 10 281 287 286 285 284 283 280 
1 2 3 4 9 10 287 286 285 284 
1 2 3 4 10 288 287 286 285 284 
1 3 4 8 9 289 286 285 284 281 
2 3 4 5 7 8 9 289 285 280 
1 4 5 6 8 10 288 286 282 281 
1 2 3 6 7 8 9 289 284 283 
2 4 289 288 287 286 285 284 282 280 
2 3 9 10 287 286 285 284 283 280 
1 3 4 9 289 287 286 285 284 281 
1 4 10 288 287 286 285 284 281 
2 3 6 7 9 10 287 284 283 280 
8 9 281 289 286 285 284 283 282 280 
1 2 3 4 6 7 8 10 288 284 
3 4 5 8 281 288 289 286 285 280 
2 3 6 7 9 289 287 284 283 280 
3 8 10 281 288 286 285 284 283 280 
2 3 6 289 288 287 286 284 283 280 
3 4 6 7 8 289 288 281 284 280 
5 6 7 8 9 10 281 283 282 280 
1 5 10 288 287 286 285 283 282 281 
2 3 8 9 289 286 285 284 283 280 
4 5 7 8 9 289 281 285 282 280 
1 4 6 8 9 10 286 284 282 281 
2 3 4 5 6 7 8 289 288 280 
3 4 6 8 10 281 288 286 284 280 
1 3 5 9 10 287 286 285 283 281 
1 2 5 6 8 9 10 286 283 282 
4 6 7 8 281 288 289 284 282 280 
2 3 6 9 289 287 286 284 283 280 
5 6 10 281 288 287 286 283 282 280 
3 4 6 8 9 10 281 286 284 280 
3 4 5 8 9 10 281 286 285 280 
1 2 3 4 6 8 9 289 286 284 
3 4 6 7 8 9 289 281 284 280 
1 4 5 6 8 10 288 286 282 
2 3 4 6 289 288 287 286 284 280 
3 4 5 6 8 289 288 281 286 280 
3 4 5 9 281 289 287 286 285 280 
1 5 7 10 288 285 283 282 281 
3 5 281 288 287 286 285 289 283 280 
1 5 6 8 9 10 286 283 282 281 
1 3 5 6 7 8 10 288 283 281 
1 6 7 8 289 288 284 283 282 281 
2 3 4 6 7 9 10 287 284 280 
3 5 8 10 281 288 286 285 283 280 
1 4 7 8 9 289 285 284 282 281 
1 3 4 7 289 288 287 285 284 281 
1 2 3 8 289 288 286 285 284 283 
4 5 6 7 10 281 288 287 282 280 
1 3 9 289 287 286 285 284 283 281 
3 5 6 7 8 9 10 281 283 280 
1 2 3 4 7 9 10 287 285 284 
1 3 6 8 9 289 286 284 283 281 
1 3 4 6 8 9 289 286 284 281 
1 6 8 9 289 286 284 283 282 281 
1 5 10 288 287 286 285 283 282 281 
3 5 8 281 288 289 286 283 280 
4 5 10 281 288 287 286 285 282 280 
1 5 9 289 287 286 285 283 282 281 
1 4 5 7 10 288 287 285 282 281 
5 7 9 281 289 287 285 283 282 280 
3 4 6 8 9 10 281 286 284 280 
3 4 7 10 281 287 285 284 280 
5 6 9 10 281 287 286 283 282 280 
1 5 8 10 288 286 285 283 282 281 
2 4 5 8 289 288 286 285 282 280 
4 6 8 281 288 289 286 284 282 280 
1 7 8 9 289 284 283 282 281 
3 4 6 8 9 10 281 286 284 280 
1 3 5 7 10 288 287 285 283 281 
2 4 7 8 9 289 285 284 282 280 
2 4 8 289 288 286 285 284 282 280 
1 4 6 7 9 289 287 284 282 281 
3 5 9 281 289 287 286 285 283 280 
1 5 6 7 8 9 10 283 282 281 
2 4 7 9 289 287 285 284 282 280 
5 6 7 281 288 287 289 282 280 
2 4 289 288 287 286 285 284 282 280 
8 9 281 289 286 285 284 283 282 280 
3 5 6 9 281 289 287 286 283 280 
3 4 6 7 9 10 281 287 284 280 
2 4 5 6 8 9 289 286 282 280 
1 2 3 4 8 10 288 286 285 284 
3 7 281 288 287 289 285 284 283 280 
1 3 5 9 289 287 286 285 283 281 
1 4 8 10 288 286 285 284 282 281 
1 2 3 4 10 288 287 286 285 284 
2 4 5 7 289 288 287 285 282 280 
1 2 3 4 7 9 10 287 285 284 
1 2 3 6 10 288 287 286 284 283 
1 4 7 8 10 288 285 284 282 281 
3 5 8 9 10 281 286 285 283 280 
1 4 5 7 289 288 287 285 282 281 
6 7 9 10 281 287 284 283 282 280 
4 6 9 10 281 287 286 284 282 280 
5 8 9 10 281 286 285 283 282 280 
1 3 7 8 289 288 285 284 283 281 
1 4 6 8 289 288 286 284 282 281 
2 3 8 10 288 286 285 284 283 280 
1 5 6 7 289 288 287 283 282 281 
4 7 281 288 287 289 285 284 282 280 
3 6 281 288 287 286 289 284 283 280 
7 8 9 10 281 285 283 282 280 
6 8 9 10 281 286 284 282 280 
2 4 5 7 289 288 285 282 280 
2 3 4 5 6 8 10 288 286 280 
3 4 5 6 7 8 289 288 281 280 
1 2 3 4 7 9 10 287 285 284 
1 2 3 6 7 8 9 289 284 283 
2 3 6 7 8 10 288 284 283 280 
3 4 7 9 10 281 287 285 284 280 
1 3 4 8 289 288 286 285 284 281 
1 2 6 8 9 10 286 284 283 282 
1 7 8 10 288 285 284 283 282 281 
6 8 281 288 289 286 284 283 282 280 
3 4 5 6 8 10 281 288 286 280 
5 6 7 9 10 281 287 283 282 280 
5 6 8 10 281 288 286 283 280 
2 3 4 6 7 9 10 287 284 280 
6 281 288 287 286 289 284 283 282 280 
1 4 6 7 8 289 288 284 282 281 
4 5 10 281 288 287 286 285 282 280 
2 3 4 5 6 7 9 289 287 280 
1 3 5 7 8 289 288 285 283 281 
5 6 7 281 288 287 289 283 282 280 
2 3 4 5 6 7 289 288 287 280 
1 3 4 7 10 288 287 284 281 
4 5 6 281 288 287 286 289 282 280 
3 4 6 8 10 281 288 286 284 280 
6 8 9 10 281 286 284 283 282 280 
3 4 8 281 288 289 286 285 284 280 
4 5 6 7 9 289 281 287 282 280 
3 5 7 8 10 281 288 285 283 280 
2 4 6 7 289 287 284 282 280 
1 4 5 9 289 287 286 285 282 281 
1 2 3 6 8 9 289 286 284 283 
4 6 9 10 281 287 286 284 282 280 
4 6 7 281 288 287 289 284 282 280 
3 6 9 10 281 287 286 284 283 280 
1 4 5 6 7 8 9 289 282 281 
6 8 9 281 289 286 284 283 282 280 
7 8 281 288 289 285 284 283 282 280 
1 4 5 7 8 9 289 285 282 281 
3 5 7 10 281 288 287 285 283 280 
1 4 7 8 9 289 285 284 282 281 
3 4 8 10 281 288 286 285 284 280 
1 3 4 10 287 286 285 284 281 
1 4 5 6 7 10 288 287 282 281 
1 3 4 6 8 289 288 286 284 281 
2 3 4 5 6 8 10 288 286 280 
3 4 5 6 7 8 10 281 288 280 
3 7 9 281 289 287 285 284 283 280 
5 6 9 281 289 287 286 282 280 
1 6 8 289 288 286 284 283 282 281 
2 3 4 8 289 288 286 285 284 280 
2 3 6 10 288 287 286 284 283 280 
2 3 4 6 10 288 287 286 284 280 
1 6 8 289 288 286 284 283 282 281 
2 3 6 7 9 289 287 284 283 280 
1 5 289 288 287 286 285 283 282 281 
3 4 7 9 281 289 287 285 284 280 
5 7 9 10 281 287 285 283 282 280 
1 6 7 10 288 287 284 283 282 281 
1 2 3 4 8 288 286 285 284 
3 5 6 7 10 281 288 287 283 280 
1 3 4 5 8 10 288 286 285 281 
1 3 4 5 6 7 289 288 287 281 
1 3 8 9 289 286 285 284 281 
3 4 5 6 8 9 10 281 286 280 
4 5 6 289 288 287 286 282 280 
2 3 4 5 7 289 288 287 280 
1 3 5 7 8 289 288 285 283 281 
3 10 281 288 287 286 285 284 283 280 
1 2 3 6 7 289 288 287 284 283 
3 6 7 8 10 281 288 284 283 280 
1 3 4 6 7 9 10 287 284 281 
