0 2001 6001 10001 15001 20001 24001 28001 33001
0 2001 6001 10001 15001 20001 24001 28001 33001
0 2001 6001 11001 15001 20001 24001 28001 33001
0 2001 6001 10001 15001 20001 24001 28001 33001
0 2001 6001 10001 15001 20001 24001 28001 33001
0 2001 6001 10001 15001 20001 24001 28001 33001
0 2001 6001 10001 15001 20001 24001 28001 33001
0 2001 7001 10001 15001 20001 24001 31001 33001
0 5001 6001 10001 16001 20001 24001 28001 34001
0 2001 9001 10001 15001 20001 26001 31001 37001
0 3001 6001 10001 15001 20001 24001 28001 33001
0 2001 8001 10001 15001 20001 24001 28001 33001
0 2001 6001 10001 15001 20001 24001 28001 37001
0 2001 6001 10001 15001 20001 24001 28001 33001
0 2001 6001 10001 15001 20001 24001 28001 33001
0 2001 6001 10001 15001 20001 24001 28001 33001
0 2001 6001 10001 15001 20001 24001 28001 33001
0 2001 6001 10001 15001 20001 24001 28001 33001
0 2001 6001 10001 15001 20001 24001 28001 33001
0 2001 6001 10001 15001 20001 24001 28001 33001
0 2001 6001 10001 19001 20001 24001 28001 33001
0 5001 6001 10001 15001 20001 24001 28001 34001
0 4001 6001 10001 15001 20001 24001 32001 37001
0 2001 6001 10001 15001 20001 24001 28001 33001
0 2001 7001 10001 15001 20001 25001 28001 34001
0 2001 6001 10001 15001 20001 24001 28001 33001
0 2001 6001 10001 15001 20001 24001 28001 33001
0 2001 6001 10001 15001 20001 24001 28001 33001
0 2001 6001 10001 15001 20001 24001 28001 33001
0 2001 6001 10001 16001 20001 26001 28001 33001
0 2001 6001 10001 15001 20001 24001 28001 33001
0 2001 6001 10001 18001 20001 24001 28001 33001
0 2001 7001 10001 15001 20001 24001 28001 33001
0 2001 6001 10001 15001 20001 24001 28001 33001
0 5001 7001 10001 15001 20001 24001 28001 37001
0 2001 6001 10001 15001 20001 24001 28001 33001
0 2001 6001 10001 15001 20001 24001 28001 33001
0 2001 6001 10001 15001 20001 24001 28001 33001
0 2001 6001 10001 15001 20001 24001 28001 33001
0 2001 6001 11001 15001 20001 24001 28001 33001
0 2001 6001 10001 15001 20001 24001 28001 33001
0 2001 7001 10001 15001 20001 24001 28001 33001
0 5001 6001 10001 16001 20001 26001 28001 33001
0 2001 7001 10001 15001 20001 24001 32001 33001
0 2001 6001 10001 17001 23001 24001 28001 33001
0 2001 6001 10001 15001 20001 24001 28001 33001
0 2001 6001 10001 15001 20001 24001 28001 33001
0 2001 6001 10001 15001 20001 24001 28001 33001
0 2001 6001 10001 15001 20001 24001 28001 33001
1 2001 7001 10001 15001 20001 24001 28001 33001
1 2001 7001 10001 15001 20001 24001 28001 33001
1 2001 9001 10001 15001 20001 24001 28001 33001
1 2001 6001 10001 15001 20001 24001 28001 33001
1 2001 7001 10001 15001 20001 24001 28001 37001
1 5001 6001 10001 18001 20001 24001 28001 37001
1 2001 9001 10001 15001 20001 24001 28001 33001
1 2001 9001 10001 15001 20001 24001 28001 37001
1 2001 9001 10001 15001 20001 24001 28001 33001
1 5001 9001 13001 15001 20001 24001 28001 33001
1 2001 6001 13001 18001 20001 27001 28001 33001
1 3001 6001 10001 15001 20001 24001 28001 33001
1 2001 6001 10001 15001 20001 24001 28001 33001
1 2001 6001 10001 15001 20001 24001 31001 33001
1 2001 8001 10001 18001 20001 24001 28001 33001
1 2001 9001 10001 15001 20001 24001 28001 33001
1 2001 6001 10001 15001 20001 24001 28001 33001
1 2001 6001 11001 15001 20001 24001 28001 36001
1 3001 9001 10001 15001 20001 24001 28001 33001
1 2001 9001 12001 15001 20001 24001 28001 33001
1 2001 6001 10001 15001 20001 24001 28001 33001
1 2001 6001 10001 15001 20001 24001 28001 33001
1 2001 9001 10001 15001 20001 24001 28001 33001
1 2001 8001 10001 15001 20001 24001 28001 36001
1 2001 6001 10001 15001 20001 24001 28001 33001
1 3001 9001 10001 15001 20001 24001 28001 33001
1 2001 6001 10001 15001 20001 24001 32001 33001
1 2001 9001 10001 15001 20001 24001 28001 33001
