1858
6808
0 1, 2001, 6001, 10001, 15001, 20001, 24001, 28001, 33001;1, 2001, 6001, 10001, 15001, 20001, 24001, 28001, 33001, 1000003
1 1, 2001, 6001, 10001, 15001, 20001, 24001, 28001, 33001;1, 2001, 6001, 10001, 15001, 20001, 24001, 28001, 33001, 1000003
2 1, 2001, 6001, 11001, 15001, 20001, 24001, 28001, 33001;1, 2001, 6001, 11001, 15001, 20001, 24001, 28001, 33001, 1000003
3 1, 2001, 6001, 10001, 15001, 20001, 24001, 28001, 33001;1, 2001, 6001, 10001, 15001, 20001, 24001, 28001, 33001, 1000003
4 1, 2001, 6001, 10001, 15001, 20001, 24001, 28001, 33001;1, 2001, 6001, 10001, 15001, 20001, 24001, 28001, 33001, 1000003
5 1, 2001, 6001, 10001, 15001, 20001, 24001, 28001, 33001;1, 2001, 6001, 10001, 15001, 20001, 24001, 28001, 33001, 1000003
6 1, 2001, 6001, 10001, 15001, 20001, 24001, 28001, 33001;1, 2001, 6001, 10001, 15001, 20001, 24001, 28001, 33001, 1000003
7 1, 2001, 7001, 10001, 15001, 20001, 24001, 31001, 33001;1, 2001, 7001, 10001, 15001, 20001, 24001, 31001, 33001, 1000003
8 1, 5001, 6001, 10001, 16001, 20001, 24001, 28001, 34001;1, 5001, 6001, 10001, 16001, 20001, 24001, 28001, 34001, 1000003
9 1, 2001, 9001, 10001, 15001, 20001, 26001, 31001, 37001;1, 2001, 9001, 10001, 15001, 20001, 26001, 31001, 37001, 1000003
10 1, 3001, 6001, 10001, 15001, 20001, 24001, 28001, 33001;1, 3001, 6001, 10001, 15001, 20001, 24001, 28001, 33001, 1000003
11 1, 2001, 8001, 10001, 15001, 20001, 24001, 28001, 33001;1, 2001, 8001, 10001, 15001, 20001, 24001, 28001, 33001, 1000003
12 1, 2001, 6001, 10001, 15001, 20001, 24001, 28001, 37001;1, 2001, 6001, 10001, 15001, 20001, 24001, 28001, 37001, 1000003
13 1, 2001, 6001, 10001, 15001, 20001, 24001, 28001, 33001;1, 2001, 6001, 10001, 15001, 20001, 24001, 28001, 33001, 1000003
14 1, 2001, 6001, 10001, 15001, 20001, 24001, 28001, 33001;1, 2001, 6001, 10001, 15001, 20001, 24001, 28001, 33001, 1000003
15 1, 2001, 6001, 10001, 15001, 20001, 24001, 28001, 33001;1, 2001, 6001, 10001, 15001, 20001, 24001, 28001, 33001, 1000003
16 1, 2001, 6001, 10001, 15001, 20001, 24001, 28001, 33001;1, 2001, 6001, 10001, 15001, 20001, 24001, 28001, 33001, 1000003
17 1, 2001, 6001, 10001, 15001, 20001, 24001, 28001, 33001;1, 2001, 6001, 10001, 15001, 20001, 24001, 28001, 33001, 1000003
18 1, 2001, 6001, 10001, 15001, 20001, 24001, 28001, 33001;1, 2001, 6001, 10001, 15001, 20001, 24001, 28001, 33001, 1000003
19 1, 2001, 6001, 10001, 15001, 20001, 24001, 28001, 33001;1, 2001, 6001, 10001, 15001, 20001, 24001, 28001, 33001, 1000003
20 1, 2001, 6001, 10001, 19001, 20001, 24001, 28001, 33001;1, 2001, 6001, 10001, 19001, 20001, 24001, 28001, 33001, 1000003
21 1, 5001, 6001, 10001, 15001, 20001, 24001, 28001, 34001;1, 5001, 6001, 10001, 15001, 20001, 24001, 28001, 34001, 1000003
22 1, 4001, 6001, 10001, 15001, 20001, 24001, 32001, 37001;1, 4001, 6001, 10001, 15001, 20001, 24001, 32001, 37001, 1000003
23 1, 2001, 6001, 10001, 15001, 20001, 24001, 28001, 33001;1, 2001, 6001, 10001, 15001, 20001, 24001, 28001, 33001, 1000003
24 1, 2001, 7001, 10001, 15001, 20001, 25001, 28001, 34001;1, 2001, 7001, 10001, 15001, 20001, 25001, 28001, 34001, 1000003
25 1, 2001, 6001, 10001, 15001, 20001, 24001, 28001, 33001;1, 2001, 6001, 10001, 15001, 20001, 24001, 28001, 33001, 1000003
26 1, 2001, 6001, 10001, 15001, 20001, 24001, 28001, 33001;1, 2001, 6001, 10001, 15001, 20001, 24001, 28001, 33001, 1000003
27 1, 2001, 6001, 10001, 15001, 20001, 24001, 28001, 33001;1, 2001, 6001, 10001, 15001, 20001, 24001, 28001, 33001, 1000003
28 1, 2001, 6001, 10001, 15001, 20001, 24001, 28001, 33001;1, 2001, 6001, 10001, 15001, 20001, 24001, 28001, 33001, 1000003
29 1, 2001, 6001, 10001, 16001, 20001, 26001, 28001, 33001;1, 2001, 6001, 10001, 16001, 20001, 26001, 28001, 33001, 1000003
30 1, 2001, 6001, 10001, 15001, 20001, 24001, 28001, 33001;1, 2001, 6001, 10001, 15001, 20001, 24001, 28001, 33001, 1000003
31 1, 2001, 6001, 10001, 18001, 20001, 24001, 28001, 33001;1, 2001, 6001, 10001, 18001, 20001, 24001, 28001, 33001, 1000003
32 1, 2001, 7001, 10001, 15001, 20001, 24001, 28001, 33001;1, 2001, 7001, 10001, 15001, 20001, 24001, 28001, 33001, 1000003
33 1, 2001, 6001, 10001, 15001, 20001, 24001, 28001, 33001;1, 2001, 6001, 10001, 15001, 20001, 24001, 28001, 33001, 1000003
34 1, 5001, 7001, 10001, 15001, 20001, 24001, 28001, 37001;1, 5001, 7001, 10001, 15001, 20001, 24001, 28001, 37001, 1000003
35 1, 2001, 6001, 10001, 15001, 20001, 24001, 28001, 33001;1, 2001, 6001, 10001, 15001, 20001, 24001, 28001, 33001, 1000003
36 1, 2001, 6001, 10001, 15001, 20001, 24001, 28001, 33001;1, 2001, 6001, 10001, 15001, 20001, 24001, 28001, 33001, 1000003
37 1, 2001, 6001, 10001, 15001, 20001, 24001, 28001, 33001;1, 2001, 6001, 10001, 15001, 20001, 24001, 28001, 33001, 1000003
38 1, 2001, 6001, 10001, 15001, 20001, 24001, 28001, 33001;1, 2001, 6001, 10001, 15001, 20001, 24001, 28001, 33001, 1000003
39 1, 2001, 6001, 11001, 15001, 20001, 24001, 28001, 33001;1, 2001, 6001, 11001, 15001, 20001, 24001, 28001, 33001, 1000003
40 1, 2001, 6001, 10001, 15001, 20001, 24001, 28001, 33001;1, 2001, 6001, 10001, 15001, 20001, 24001, 28001, 33001, 1000003
41 1, 2001, 7001, 10001, 15001, 20001, 24001, 28001, 33001;1, 2001, 7001, 10001, 15001, 20001, 24001, 28001, 33001, 1000003
42 1, 5001, 6001, 10001, 16001, 20001, 26001, 28001, 33001;1, 5001, 6001, 10001, 16001, 20001, 26001, 28001, 33001, 1000003
43 1, 2001, 7001, 10001, 15001, 20001, 24001, 32001, 33001;1, 2001, 7001, 10001, 15001, 20001, 24001, 32001, 33001, 1000003
44 1, 2001, 6001, 10001, 17001, 23001, 24001, 28001, 33001;1, 2001, 6001, 10001, 17001, 23001, 24001, 28001, 33001, 1000003
45 1, 2001, 6001, 10001, 15001, 20001, 24001, 28001, 33001;1, 2001, 6001, 10001, 15001, 20001, 24001, 28001, 33001, 1000003
46 1, 2001, 6001, 10001, 15001, 20001, 24001, 28001, 33001;1, 2001, 6001, 10001, 15001, 20001, 24001, 28001, 33001, 1000003
47 1, 2001, 6001, 10001, 15001, 20001, 24001, 28001, 33001;1, 2001, 6001, 10001, 15001, 20001, 24001, 28001, 33001, 1000003
48 1, 2001, 6001, 10001, 15001, 20001, 24001, 28001, 33001;1, 2001, 6001, 10001, 15001, 20001, 24001, 28001, 33001, 1000003
49 2, 2001, 7001, 10001, 15001, 20001, 24001, 28001, 33001;2, 2001, 7001, 10001, 15001, 20001, 24001, 28001, 33001, 1000003
50 2, 2001, 7001, 10001, 15001, 20001, 24001, 28001, 33001;2, 2001, 7001, 10001, 15001, 20001, 24001, 28001, 33001, 1000003
51 2, 2001, 9001, 10001, 15001, 20001, 24001, 28001, 33001;2, 2001, 9001, 10001, 15001, 20001, 24001, 28001, 33001, 1000003
52 2, 2001, 6001, 10001, 15001, 20001, 24001, 28001, 33001;2, 2001, 6001, 10001, 15001, 20001, 24001, 28001, 33001, 1000003
53 2, 2001, 7001, 10001, 15001, 20001, 24001, 28001, 37001;2, 2001, 7001, 10001, 15001, 20001, 24001, 28001, 37001, 1000003
54 2, 5001, 6001, 10001, 18001, 20001, 24001, 28001, 37001;2, 5001, 6001, 10001, 18001, 20001, 24001, 28001, 37001, 1000003
55 2, 2001, 9001, 10001, 15001, 20001, 24001, 28001, 33001;2, 2001, 9001, 10001, 15001, 20001, 24001, 28001, 33001, 1000003
56 2, 2001, 9001, 10001, 15001, 20001, 24001, 28001, 37001;2, 2001, 9001, 10001, 15001, 20001, 24001, 28001, 37001, 1000003
57 2, 2001, 9001, 10001, 15001, 20001, 24001, 28001, 33001;2, 2001, 9001, 10001, 15001, 20001, 24001, 28001, 33001, 1000003
58 2, 5001, 9001, 13001, 15001, 20001, 24001, 28001, 33001;2, 5001, 9001, 13001, 15001, 20001, 24001, 28001, 33001, 1000003
59 2, 2001, 6001, 13001, 18001, 20001, 27001, 28001, 33001;2, 2001, 6001, 13001, 18001, 20001, 27001, 28001, 33001, 1000003
60 2, 3001, 6001, 10001, 15001, 20001, 24001, 28001, 33001;2, 3001, 6001, 10001, 15001, 20001, 24001, 28001, 33001, 1000003
61 2, 2001, 6001, 10001, 15001, 20001, 24001, 28001, 33001;2, 2001, 6001, 10001, 15001, 20001, 24001, 28001, 33001, 1000003
62 2, 2001, 6001, 10001, 15001, 20001, 24001, 31001, 33001;2, 2001, 6001, 10001, 15001, 20001, 24001, 31001, 33001, 1000003
63 2, 2001, 8001, 10001, 18001, 20001, 24001, 28001, 33001;2, 2001, 8001, 10001, 18001, 20001, 24001, 28001, 33001, 1000003
64 2, 2001, 9001, 10001, 15001, 20001, 24001, 28001, 33001;2, 2001, 9001, 10001, 15001, 20001, 24001, 28001, 33001, 1000003
65 2, 2001, 6001, 10001, 15001, 20001, 24001, 28001, 33001;2, 2001, 6001, 10001, 15001, 20001, 24001, 28001, 33001, 1000003
66 2, 2001, 6001, 11001, 15001, 20001, 24001, 28001, 36001;2, 2001, 6001, 11001, 15001, 20001, 24001, 28001, 36001, 1000003
67 2, 3001, 9001, 10001, 15001, 20001, 24001, 28001, 33001;2, 3001, 9001, 10001, 15001, 20001, 24001, 28001, 33001, 1000003
68 2, 2001, 9001, 12001, 15001, 20001, 24001, 28001, 33001;2, 2001, 9001, 12001, 15001, 20001, 24001, 28001, 33001, 1000003
69 2, 2001, 6001, 10001, 15001, 20001, 24001, 28001, 33001;2, 2001, 6001, 10001, 15001, 20001, 24001, 28001, 33001, 1000003
70 2, 2001, 6001, 10001, 15001, 20001, 24001, 28001, 33001;2, 2001, 6001, 10001, 15001, 20001, 24001, 28001, 33001, 1000003
71 2, 2001, 9001, 10001, 15001, 20001, 24001, 28001, 33001;2, 2001, 9001, 10001, 15001, 20001, 24001, 28001, 33001, 1000003
72 2, 2001, 8001, 10001, 15001, 20001, 24001, 28001, 36001;2, 2001, 8001, 10001, 15001, 20001, 24001, 28001, 36001, 1000003
73 2, 2001, 6001, 10001, 15001, 20001, 24001, 28001, 33001;2, 2001, 6001, 10001, 15001, 20001, 24001, 28001, 33001, 1000003
74 2, 3001, 9001, 10001, 15001, 20001, 24001, 28001, 33001;2, 3001, 9001, 10001, 15001, 20001, 24001, 28001, 33001, 1000003
75 2, 2001, 6001, 10001, 15001, 20001, 24001, 32001, 33001;2, 2001, 6001, 10001, 15001, 20001, 24001, 32001, 33001, 1000003
76 2, 2001, 9001, 10001, 15001, 20001, 24001, 28001, 33001;2, 2001, 9001, 10001, 15001, 20001, 24001, 28001, 33001, 1000003
