2 4 6 10 17 21 24 26 34 37 42 46 50 53 57 58 62 66 72 73 80
2 4 6 12 16 20 22 26 30 36 41 44 48 52 55 61 67 72 74
2 5 7 10 17 21 24 26 31 36 41 47 48 59 71 73
2 4 6 17 21 24 28 33 37 43 47 51 54 57 62 66 72 73
2 4 6 17 21 22 32 37 40 46 49 53 62 67 71 73
2 4 6 10 17 21 24 28 32 36 58 72 73 82
2 4 7 8 17 21 22 26 31 36 40 46 48 52 55 60 67 72 73 78
2 4 6 10 14 21 36 72 73
2 4 6 17 24 28 32 36 42 47 51 62 67 72 75
2 4 6 11 17 21 25 28 35 37 46 72
2 4 6 12 17 21 24 28 33 36 47 57 58 72 73
2 4 6 12 17 19 26 30 40 46 62 66
2 4 6 17 24 33 37 43 47 53 60 72 73
2 4 6 10 17 21 25 28 32 37 41 46 50 53 55 61 67 72 73 79 82
3 4 6 10 14 19 23 26 32 36 41 47 50 52 56 58 59 66 71 73
2 4 6 12 17 21 23 28 30 36 46 48 52 56 58 59 67 72 73
2 4 6 8 17 21 24 28 30 36 41 46 49 53 56 58 61 66 71 73
3 4 6 17 21 24 26 30 36 41 46 48 53 55 59 72 73
2 4 6 68 73
2 4 6 10 17 21 26 31 36 40 47 49 59 67 72 73 80 82
2 4 6 9 17 24 28 35 36 43 47 48 53 57 61 63 72 73 80 82
3 4 6 17 21 24 29 32 36 42 47 51 53 55 61 67 72 73
3 4 6 8 17 19 24 28 33 37 40 47 49 57 58 61 65 72 73 80 84
2 4 6 12 17 21 35 37 42 47 50 52 62 67 72 75
2 4 6 12 16 21 22 26 31 36 40 46 49 52 55 61 66 72 73 79
2 4 6 9 14 21 29 32 37 43 47 51 52 55 61 67 72 75 80 82
2 4 6 10 16 22 26 30 36 39 45 51 53 56 62 67
2 4 6 21 25 28 32 43 47 50 53 62 66 72 73 80
2 4 6
2 4 6 17 21 24 29 34 37 40 46 49 53 55 62 67 72 73
2 4 6 8 16 21 24 26 32 36 42 44 48 52 55 68 73
3 4 6 12 17 21 24 28 30 37 40 46 50 53 55 58 59 67 72 73 80 82
2 4 6 8 14 18 26 33 36 41 46 48 52 55 61 65 68 73 80
2 4 7 11 17 21 22 26 30 36 41 46 48 53 55 62 67 72 73 78
2 4 6 10 17 21 25 28 33 36 40 47 51 52 55 62 67 72 73 78 84
2 4 6 11 17 22 26 36 44 48 71 73 78
2 4 6 10 17 21 26 36 43 46 67 71 75
2 4 6 8 17 21 22 28 35 37 41 47 49 53 57 58 66 72 73 80
2 4 6 10 16 21 28 32 36 52 55 59 72 73
2 4 6
2 4 6 12 17 21 24 28 32 36 40 46 50 53 56 58 61 63 72 73 80
3 5 7 12 17 21 72 73 82
2 4 6 42 52 55 67 71 74 79 82
2 4 6 10 14 19 22 26 30 36 41 46 50 53 55 62 67 72 75
2 4 6 8 17 21 22 30 36 43 46 48 55 71 75 79 82
2 4 6 8 16 19 22 32 36 41 44 50 53 55 61 65 72 73 79
2 4 6 10 17 21 25 28 32 37 41 46 50 53 55 61 67 72 73 79 82
3 4 6 12 17 24 28 34 36 40 46 48 52 55 62 63 72 73
2 5 7 12 17 21 24 34 36 41 46 51 54 62 72 79
2 4 6 8 17 21 24 28 32 36 41 46 50 54 55 62 66 72 73 80 82
2 4 6 10 14 21 24 33 43 47 50 53 55 62 67 72 75
2 4 6 17 25 28 35 37 43 47 51 62 67 72 73 80 82
2 5 7 12 17 21 22 30 36 42 44 50 60 71 73
2 4 6 10 17 21 23 28 30 36 40 47 50 54 56 58 62 67 72 73
2 4 6 17 24 28 34 37 40 47 50 57 62 66 72 73 79 82
2 4 6 10 17 21 25 28 33 37 43 47 51 62 67 72 73
2 4 6 17 19 22 26 33 36 43 46 50 57 58 72 73 78
2 4 6 10 17 19 22 26 31 36 40 44 48 52 55 59 66 72 75 80 82
2 5 7 10 17 21 24 28 32 36 43 44 50 53 56 58 60 71 73 79 82
2 4 6 10 14 21 25 26 30 36 41 46 49 53 56 62 66 72 73
3 4 6 10 14 21 22 26 30 36 40 46 48 65 72 73
2 4 6 12 17 21 24 28 30 36 40 46 48 53 55 72 73 80
2 4 7 10 17 21 24 26 30 36 40 44 48 53 56 58 59 66 69 73 78 82
3 4 6 17 21 25 28 32 37 42 47 50 57 64 72 73
2 4 6 10 17 21 24 26 34 37 42 46 50 53 57 58 62 66 72 73 80
3 4 6 8 17 21 24 36 41 50 53 56 58 62 66 72 73
2 4 6 17 24 28 33 37 47 51 53 55 58 72 75 80 82
2 4 6 8 16 21 26 31 36 41 46 50 53 55 61 67 72 75
2 4 6 10 16 21 26 30 36 41 45 49 61 72 73 78 83
2 4 6 10 17 21 24 28 34 37 46 50 53 57 62 67 72 77
2 4 6 12 21 24 26 32 36 42 47 49 53 71 73 78 82
2 4 6 10 17 21 22 32 37 47 51 53 57 58 67 72 75
2 5 7 10 17 21 24 28 31 36 41 46 50 52 55 71 73 79 82
2 4 6 10 16 30 36 48 53 55 72 73
3 4 6 8 17 21 24 27 33 37 42 46 50 54 55 62 66 72 80 82
2 5 6 12 17 24 28 34 37 40 46 72 73 79 82
2 4 6 10 17 21 23 28 33 36 42 46 50 53 61 66 80
2 4 6 8 17 21 22 28 31 36 42 46 50 52 59 67 71 73 79
2 4 6 17 21 24 28 33 37 43 47 51 54 57 62 66 72 73
2 5 7 10 17 21 25 29 35 41 46 50 59 72 73 80 82
3 4 7 10 14 21 24 28 32 37 40 46 48 53 55 61 71 73 80
2 4 6 12 17 21 24 28 32 37 40 46 50 53 56 58 61 63 72 73 80
3 4 6 12 17 21 22 26 32 36 42 45 49 52 55 72 73 78
2 4 6 10 16 21 22 28 32 36 42 47 48 53 57 58 60 67 72 73 78 82
2 4 6 8 17 21 25 28 33 36 42 47 50 53 55 61 67 72 73
2 4 6 17 21 24 28 33 37 43 47 50 54 62 67 72 73 80 82
2 4 6 8 17 21 24 32 36 42 45 51 53 56 58 59 67 72 73 78
3 4 6 8 17 24 28 32 36 41 46 49 53 57 66 72 73 80 82
2 4 7 8 16 21 24 28 36 42 47 48 53 55 59 72 73 79 82
2 4 6 17 20 33 36 42 55 58 79 82
2 5 7 10 17 21 22 28 31 36 40 46 51 72 73 78
2 4 6 10 13 19
2 4 6 8 17 21 84
2 4 6 17 24 29 33 36 42 47 51 52 55 67 72 75 79 82
2 4 6 8 17 21 24 28 33 37 42 47 53 55 67 72 75 80 82
2 4 6 10 17 21 24 28 32 36 43 47 51 53 56 58 62 67 72 73 80 82
2 4 6 10 17 21 22 26 32 36 41 46 48 53 55 61 64 72 75
3 4 6 17 24 28 32 37 43 47 51 52 56 62 67 72
2 4 6 8 14 28 30 36 40 46 49 54 55 61 67 71 80 82
2 4 6 10 17 28 35 37 40 47 49 53 57 58 62 66 72 73 83
2 4 6 10 16 22 28 32 36 41 47 51 52 57 58 62 67 72 75
2 4 6 8 14 21 24 28 30 36 41 46 49 61 72 75
3 4 6 17 24 28 32 37 43 47 51 55 62 67 72
2 4 6 12 17 21 25 29 35 36 40 47 48 52 57 58 66 72 73 80 82
2 4 6 12 14 21 23 26 33 40 46 48 59 72 73
2 5 7 10 17 21 25 29 35 41 46 50 59 72 73 80 82
2 4 6 10 17 21 23 26 31 36 41 53 62 72 73 78 84
3 4 6 8 17 21 24 26 30 36 41 46 49 52 57 58 72 73
2 4 7 10 17 21 37 72 73
2 4 6 10 17 21 22 28 32 36 43 46 48 52 55 61 72 73 80 82
2 4 6 10 17 22 32 36 40 44 48 52 55 62 66 72 73 79 82
2 4 6 17 21 24 28 33 37 43 47 51 52 55 62 72 75 80 82
2 4 6 12 17 21 25 28 31 37 42 47 51 62 67 72 75 80 82
2 4 6 10 17 21 24 33 37 43 47 51 53 56 62 67 72 73
3 4 6 14 21 36 72 73 79 82
2 4 6 8 17 23 26 30 36 41 46 50 53 55 62 67 72 73
2 4 6 17 24 28 35 37 43 46 50 52 57 62 67 72 73 80
2 4 7 10 21 24 28 35 37 43 51 52 55 72 73
2 4 6 17 19 25 29 33 36 40 46 48 53 55 58 62 66 72 73 80
3 4 6 12 17 21 23 31 36 40 44 49 52 55 62 66 72 73
2 5 7 12 17 21 22 28 35 37 43 46 49 52 55 72 73
2 4 6 17 21 37 43 51 54 55 67
2 4 6 12 16 21 24 26 30 36 42 46 48 61 72 75
2 4 7 8 14 19 24 26 30 37 39 44 48 62 64 72 73 80 84
2 4 6 10 16 21 22 26 34 36 42 46 48 53 57 58 59 72 73 79 82
3 4 6 17 21 24 28 31 36 40 46 50 53 55 61 72 76
2 4 6 17 28 47 51 67
2 5 7 12 17 21
3 4 7 12 24 28 33 37 41 47 50 57 58 62 67 73 78
2 4 6 8 17 23 26 30 36 40 44 48 52 55 59 71 75 79 82
2 4 6 13 21 22 26 33 36 43 46 50 53 57 58 66 72 73
2 5 6 10 17 21 28 36 40 47 72 75
3 4 7 10 17 19 24 26 30 37 42 50 52 57 72 73
2 4 6 10 14 21 22 27 31 36 40 45
2 4 6 12 17 21 22 26 34 37 43 47 51 54 55 62 66 72 73 79
2 4 6 10 17 21 22 26 32 36 40 47 49 53 57 58 66 72 73
2 4 6 10 17 21 35 37 42 46 48 56 59 66 72 73 79 82
2 4 7 10 17 21 22 37 46 50 59
2 4 6 8 17 21 24 35 37 43 47 50 53 56 59 67 72 73 80 82
2 4 6 10 14 19 22 26 30 36 39 45 48 53 55 59 64 72 73
2 4 6 10 17 21 22 26 30 36 41 44 62 66 72 73 79 84
2 4 6 8 16 21 52 55 67 72 73 80 82
3 4 6 10 17 22 26 34 37 41 46 48 52 57 58 61 66 72 75 78 82
2 4 6 24 26 30 36 40 46 50 52 57 58 62 66 79
4 6 10 17 21 26 33 37 40 67
2 4 7 8 14 22 26 30 36 39 44 48 59 63 79 82
3 4 6 12 17 21 24 28 30 37 40 46 50 53 55 58 59 67 72 73 80 82
2 4 6 11 17 21 24 28 32 36 40 47 50 52 57 58 72 75 80 82
2 4 7 11 13 21 72 73
2 4 6 17 21 24 28 33 37 42 46 51 72 73
2 4 6 24 28 32 38 43 46 50 54 56 62 67 72 73
2 4 6 17 21 24 26 33 36 40 46 50 57 62 66 72 75 80 82
2 4 6 8 17 21 24 26 33 36 43 46 50 53 57 58 62 72 73
2 4 7 12 17 21 23 28 30 36 46 48 52 56 72 73
2 4 6 16 21 24 28 33 36 41 47 50 53 55 62 66 72 73
3 4 6 8 14 21 24 26 32 36 41 45 50 53 55 67 70 73 78 82
2 4 6 12 13 21 23 32 36 40 46 71 75 82
2 5 6 11 17 21 44 53 59 71 73 78 82
3 4 6 24 29 35 42 51
2 4 6 12 17 22 26 34 37 41 46 49 53 56 62 66 72 73
2 4 6 10 17 21 25 33 37 43 46 48 52 57 58 66 72 73 83
3 4 6 8 16 21 24 26 33 36 39 44 50 53 55 59 63 72 73
2 4 6 10 17 21 71 73
2 4 6 8 14 19 24 26 32 36 45 49 53 55 59 66 72 73 79 82
2 4 6 10 17 19 24 28 34 36 41 46 48 53 55 58 60 67 72 73 79 82
2 4 6 9 17 19 22 26 32 36 41 46 49 53 62 66 70 73 79 82
2 4 6 8 17 21 22 32 37 41 46 49 62 67 80
2 4 6 8 17 21 23 28 32 36 42 46 50 71 73 78
2 4 6 10 17 24 28 33 37 43 47 50 53 55 62 66 72 73 79 82
2 4 6 10 16 21 22 26 30 36 41 46 50 52 55 61 67 72 73
3 4 6 11 17 21 24 28 37 40 47 49 52 56 62 67 72 73
2 4 6 17 21 24 30 36 47 54 56 67 72 75
2 4 6 10 16 21 22 26 30 36 41 46 50 52 56 62 72 75 78 82
2 5 7 12 17 21 24 26 31 36 40 46 51 52 55 62 66 72 73 80
2 4 6 12 24 26 32 36 43 47 49 71 73 79
2 4 7 16 21 22 26 32 36 47 48 53 55 59 66 72 73 78
2 4 6 11 17 22 26 32 36 42 47 50 53 55 61 67 72 73 78 82
3 4 6 17 25 28 33 37 43 47 51 52 55 62 67 72 73 80
3 4 6 8 17 21 24 26 30 36 41 46 49 52 57 58 72 73
2 4 6 72 73
2 4 6 17 21 23 31 36 43 46 50 53 56 72 73
2 4 6 11 17 22 26 32 36 41 46 50 53 57 58 62 67 72 75
3 4 7 12 17 19 24 26 34 36 40 47 49 52 56 58 66 72 73 79 82
2 4 6 10 17 23 28 31 36 43 46 50 52 56 58 59 67 71 73 79 82
4 6 10 16 21 24 26 32 36 42 46 48 53 55 61 67 72 75 79 82
2 4 6 9 16 21 23 26 31 36 40 46 50 57 58 62 67
2 4 6 10 14 21 24 36 39 46 49 72 74 78 82
3 4 6 8 16 21 24 30 36 41 47 50 53 56 62 67 69 73 79
2 4 6 8 17 21 24 28 33 36 42 46 49 62 66 72 73 80 82
2 4 6 17 21 24 29 34 37 40 46 49 53 55 62 67 72 73
2 4 6 10 16 21 22 26 34 36 42 46 48 53 57 58 59 72 73 79 82
3 4 6 8 17 21 25 28 35 37 40 47 50 52 55 62 67 72 73 79 82
3 4 6 12 16 21 22 26 32 36 41 46 51 53 67 72 75
2 5 7 12 17 21 25 26 35 37 40 47 51 52 56 58 61 72 73 80 83
2 4 6 17 21 24 26 32 36 41 46 49 52 55 61 66 68 75 79 82
3 4 6 8 14 21 24 28 31 36 39 47 48 52 55 67 72 73
2 4 6 9 17 21 24 28 32 36 43 46 50 52 55 72 73 80
2 4 6 10 17 21 24 26 30 36 41 47 48 53 56 62 66 72 76 78 82
2 4 6 10 17 28 36 43 46 48 55 59 63 72 76 78 82
2 4 6 10 17 19 24 28 32 36 47 50 54 56 58 72 75
3 4 6 24 28 30 36 43 46 50 52 55 62 67 72 73
3 4 6 10 14 21 30 36 68 73
2 5 7 10 17 21 22 26 30 36 41 46 49 60 63 72 73
3 4 6 12 17 21 24 28 34 41 46 50 56 72 73 80 84
2 5 7 72 73
2 4 6 24 28 32 37 43 46 50 54 56 62 67 72 73
2 4 7 10 21 24 28 35 37 43 51 52 55 72 73
2 4 6 12 17 21 24 26 33 37 41 46 49 52 56 58 62 67 72 73 80 83
2 4 6 13 19 22 26 30 36 39 45 48 52 55 59 67 72
2 4 6 17 21 25 28 33 37 43 47 55 62 67
2 4 6 10 17 21 22 26 32 36 42 47 50 53 55 62 66 72 73 78 82
3 4 6 9 17 21 24 28 33 37 43 47 51 54 56 58 62 67 72 73
