1 -2 -4 8 22 23 29 -41 46 -53 54 60 -63 -71 73 -79 -84 91 95 -96
-5 -8 -10 14 -22 -26 27 -28 31 32 -39 -45 -46 -47 51 52 -55 56 59 67 -68 -74 -83 87 -90 97 100
2 -7 11 -19 -22 35 -36 -38 50 51 -54 65 -70 -73 74 79 -80 82 -99 -100
-3 -10 -21 26 -30 -38 -39 -46 -52 67 72 75 78 -79 81 82 91 -92 96 99 100
-14 19 -21 22 26 32 -36 -41 -46 -49 55 -62 -64 -72 82 85 -98 -99
7 12 15 -17 -22 -26 27 -30 35 -37 40 -44 49 56 -69 81 86 91 -93 96
-12 18 21 27 -32 -42 57 60 62 68 -72 -75 -77 80 -83 -84 87 -92 99
8 16 -18 24 28 -30 31 33 41 -46 -47 48 -49 51 52 54 -59 63 73 -79 88 -90 -94
12 27 32 35 -40 42 62 86 -89 92 -98
3 -9 -13 -23 31 -47 -53 -58 -65 66 -68 83 84 89 94 98
-1 -10 12 13 -28 -31 -32 33 39 42 46 -49 51 55 -56 59 60 61 -64 66 70 -76 -78 -84 98
2 6 12 -18 22 25 -45 -49 50 51 -54 56 61 63 64 67 -70 73 89 -90
-1 2 -12 -15 -16 -17 -20 -38 -41 -43 45 -57 -65 -68 83 92 -93
-1 18 19 35 -40 -45 47 53 59 60 -72 -74 75 -76 77 -80 -86 88 -91 -98 -99
-21 -25 32 -34 35 43 48 -66 71 76 79 88 -90 91
3 8 19 22 -31 32 42 -49 55 -57 62 63 71 -75 81 -82 -84 -92 -94 98 -99
-4 10 11 15 -16 28 46 -47 48 -52 55 -57 -58 -66 68 -69 -79 90 93 99
1 4 7 -14 23 -29 -34 -39 -43 -47 55 -56 57 -62 72 -77 -83 91 -94 98 100
-1 7 -12 25 -33 -37 40 43 -45 47 -50 -51 57 -59 64 -66 -72 75 80 84 -86 89 90 -93 -96 -98
-1 -3 -6 8 11 21 26 30 -38 52 -54 68 -71 73 75 -77 -82 83 -88 99 100
-4 -14 18 33 -35 47 -54 -59 -64 -74 76 77 -78 84 -86 89 98 100
3 -28 36 39 -40 44 54 -56 -68 78 82 -84 87 -88 92
-9 21 -24 35 37 -46 49 50 52 -57 -65 -66 -77 80 85 93
-8 -9 -17 25 -29 30 -32 -36 37 51 -63 72 -78 80 -88
13 26 -28 -32 36 -40 46 -47 -48 -50 56 62 75 91 93 100
7 -9 -15 23 -33 34 38 -40 -47 -54 58 65 76 77 78 -88 96
-12 -15 -19 24 36 41 -42 49 56 -57 -68 73 80 90 -92 94 98
-1 7 9 -11 28 -39 -41 45 -49 51 54 -58 68 -74 80 -95 97
-3 15 -16 -21 -24 -29 32 -38 40 46 51 62 63 64 65 -68 77 -79 81 84 96
-4 -8 14 16 -18 -25 27 -31 32 -40 -48 -49 -50 -51 -52 -54 -57 58 59 -66 68 82 83 -86 90
7 -13 -14 21 -32 33 -43 -47 53 59 60 62 -64 -69 -73 75 -79 -84 -86 -88 96
5 -9 -16 -27 38 39 -42 -46 -50 54 58 -62 -65 -68 -75 79 -81 89 -91 -92
-4 -8 9 10 13 14 15 24 -29 -34 -36 39 -41 -42 43 -57 69 -75 -79 -82 92 93
8 12 15 -25 -27 -36 38 -46 -47 -48 49 65 -67 -69 70 -75 -77 -85 87 -98 100
1 3 5 -7 -12 -13 14 -17 -20 28 32 33 39 53 -54 -56 -59 62 -64 66 -67 -72 -74 83 -90 94 -100
-1 4 -11 -15 -20 -27 28 30 33 34 35 41 45 -58 -72 -74 75 -83 -86 91 94
3 4 -11 14 15 22 28 -36 42 -43 49 -51 58 59 72 86 -88 -97
-5 -6 8 11 -15 -28 35 -39 41 -44 -48 63 -64 65 71 76 -77 83 84 95 -99
2 4 -5 16 31 -33 -35 41 42 45 -57 61 -66 78 -79 88 -89 96
1 5 -6 -12 22 -24 26 30 -33 -35 -40 -45 49 -66 79 90 94
-8 -11 17 18 -21 -26 42 46 -49 55 -57 -61 -64 67 -69 71 -76 83 94 -100
-6 -7 8 -26 -32 -39 -40 -41 -43 -46 -56 -57 -58 67 68 74 76 77 -83 92 -93
3 -6 13 17 -18 26 -31 36 39 41 45 -47 65 68 70 -73 -77 79 -84 -86 -91 96 -100
1 2 6 -16 -25 -33 36 39 -41 -43 45 -47 55 57 62 -63 64 74 -79 89 91 94
-4 6 -30 -32 38 -41 45 -49 59 -63 66 -76 -80 -86 -87 91 94 -95
3 7 11 -15 19 -20 28 -29 -40 43 54 55 63 -67 -74 85 -89 100
-4 7 -16 -25 27 -28 32 -36 -37 -39 41 48 54 57 -58 -63 -67 76 -78 82 -84 87 -88 -90 93 -94 95 -100
-1 -4 12 -15 16 19 -23 29 32 -34 36 41 43 -46 -50 71 73 90 -97 100
-2 -8 -9 -14 -23 -26 27 -29 -30 46 48 -52 -53 -58 -75 -76 -92
-2 5 -6 8 -10 -35 43 48 -51 54 -55 59 70 -80 89 96 -100
-4 -7 14 15 -16 -17 38 39 50 57 62 65 -66 69 73 81 -85 -87 99
-3 -4 6 9 -22 23 -27 -44 46 49 -55 61 68 75 -84 89 92 -94 98
1 3 -12 -13 15 17 -18 -19 -20 29 -30 -31 32 40 42 48 51 -59 60 68 -73 81 -91 99
-7 12 -25 29 31 -41 -43 -47 -52 55 58 61 62 73 76 -77 81 -94 96 -98
5 -7 8 -12 16 18 21 -22 23 28 35 43 -49 -50 -52 -54 62 63 68 -74 75 81 82 -86 90 -100
-1 -11 -12 19 20 21 -22 -25 -30 33 34 -39 -43 -44 48 56 58 -62 -63 -66 -72 -76 -87 -96
-4 -17 -18 26 28 -30 -45 -55 63 -64 66 -76 80 83 -85 -100
-1 -21 24 -31 -34 -37 49 -53 55 56 57 -60 61 63 -65 79 81 -90 93 98 -99
-1 3 7 -13 -17 25 -30 43 44 48 50 -59 -60 71 -77 90 95 100
1 2 -8 13 -14 -18 -23 -36 38 39 -48 51 -59 61 -64 -67 68 71 -74 77 82 -85 -89 -95 97
13 -21 23 26 31 -39 47 -48 -50 -53 -59 60 -62 -64 70 75 -85 87 -95 -97 98 -99
-4 -7 -8 -9 10 20 -31 -35 -36 41 48 53 -61 -64 -69 76 -80 -84 89 97 100
-9 14 20 29 -55 -66 -68 71 82 -92 95
13 -17 19 -21 29 -30 -31 -34 -45 46 55 57 60 66 74 -75 78 79 -81 89 -94 95 -98 100
-14 16 18 19 28 34 -37 -39 48 -55 -57 -61 -81 82 -91 -96 97
2 3 -7 14 -15 17 -25 -32 39 46 -54 -58 -65 -68 69 74 -77 83
-4 7 9 -12 13 18 19 -22 -24 25 -39 -45 46 70 72 -76 -84 -85 -94 -96 99
3 -7 8 12 14 16 -18 21 -29 32 34 47 52 58 62 -71 73 -74 -75 -77 -80 84 91 94 -98
-2 8 -10 -17 -21 -34 -36 39 -50 -53 -62 -67 -71 75 82 90 -91 -93 -96 -97 -98 99
3 7 9 -21 30 31 -40 -46 -50 51 -57 -58 -62 -77 79 84 -86 94 -96
-2 -6 14 -17 -28 -31 -38 -42 -43 45 50 53 63 65 69 -71 -74 82 84 -89
3 16 22 26 31 35 43 -45 -46 58 61 63 68 -69 73 75 77 78 79 -81 83
5 -6 8 -10 -12 -14 -22 23 -30 32 -34 37 -39 61 66 67 69 -75 86 98
-2 -5 -6 13 -17 22 -23 28 -29 31 32 -34 -39 -42 59 -76 85 -93
-5 14 17 20 29 32 -48 54 55 -58 -60 62 -64 -75 -90 -92 -95 98
1 5 6 -14 -17 35 38 40 41 -46 47 -52 60 62 -72 77 80 -81 84 -85 87 -99
5 -11 -20 21 26 -28 29 32 -54 56 -57 59 60 -65 67 76 -78 -80 86 -92 -95
-4 -15 16 -17 -23 -24 32 -41 -43 48 -51 54 -56 59 62 66 80 90 -91 -95 96 98 -99
-5 8 14 20 23 31 -34 37 39 -43 -51 -52 53 -60 -67 71 80 82 88 99
5 10 -12 -13 -15 17 20 21 -43 -44 -46 -51 -52 55 60 61 -77 85 -99 100
-1 -6 9 19 -30 -49 -50 65 67 76 -83 -85 89 91 -93
-2 6 -9 12 -19 23 -35 -41 -42 -47 -49 -51 57 -63 65 -67 -70 74 -75 -76 -82 87 100
-3 4 6 -7 9 33 -36 39 41 43 44 -50 51 53 55 56 57 72 80 81 83 86 -90
21 36 -44 48 -51 -55 60 -63 65 70 -80 83
4 -6 -10 12 -18 21 30 39 -44 47 48 51 55 71 -72 -74 76 -79 81 84 92 93 -99
5 8 10 -18 19 -21 -22 -33 -38 57 -60 90
-4 12 -16 19 -22 23 24 33 -36 52 54 61 -63 -82 85 95 -97
5 -7 -10 12 13 -18 -25 -26 -37 52 -53 64 69 77 84 -85 -91
9 16 -17 -20 22 -32 -33 34 -36 -41 44 -72 -81 86 -96
23 24 -29 30 35 43 -44 -56 61 -62 -64 67 -70 -76 86 -92 -93 95 -96 99
-7 -13 20 -23 26 -27 -34 38 45 -49 51 53 57 60 63 66 67 69 76 78 -82 84 -90 -92 -97 -98
