1 -2 -7 9 -15 -16 -18 -23 -35 -36 -37 -45 48 -61 -73 -75 82 -87 99
-2 3 -10 -17 20 22 -26 -28 -41 46 -49 53 60 -65 82 -84 -90 -92 100
4 -7 -11 -24 -26 -27 -35 -36 38 -41 53 55 -67 -69 71 -75 -81 85 87 89 97 100
-2 13 -15 22 -26 -31 -43 -49 -52 -59 63 -66 -69 82 85 92 -95
3 4 -7 -8 9 -15 -18 -21 25 -26 32 42 -43 -47 -51 -58 -61 -62 -67 -73 -80 -81 83 84 -91 97 -98
-2 -6 -7 12 -18 20 -24 25 29 -33 -45 -49 -51 56 57 -75 -77 -81 84 -89 -98 -99 100
4 12 -21 -30 34 -35 -41 -43 -45 -49 53 -59 63 -65 70 82 85 91 -95
-6 -7 9 12 -28 29 -31 34 38 -41 53 56 -62 -78 -81 82 -88 94 97 99
1 -2 -11 -15 -18 19 -23 -28 32 -41 -45 46 57 72 -76 79 -80 -88 -96 97 99
-5 -6 -7 -8 9 -10 -15 -24 -26 -28 -33 42 -43 48 50 -51 53 54 56 57 -58 63 -66 -67 -68 -80 87 -94
-10 -31 34 40 -45 -61 -67 82 97
-2 3 4 9 -10 12 -15 -21 -27 29 34 -37 38 -41 -43 -49 54 -59 60 -61 -65 -68 71 -90 97
1 -2 13 25 29 32 34 -35 38 39 -44 46 -51 60 -64 -75 -76 -81 82 89 91 96 97 -98 99
-10 12 -15 -37 39 -44 48 54 55 -68 -77 85 86 94
12 -14 -15 -17 -18 -27 -33 38 42 50 -51 -52 -76 -77 83 -96 -99
1 -8 -15 19 20 -31 32 -33 -51 53 -67 -69 70 89 -91 -95
-5 -7 9 -16 -27 29 -36 40 54 -58 -61 -76 -77 -78 -80 -81 86
-8 -16 20 -27 38 46 -61 -65 -76 82 85 -86 88 -91 -93 97
1 -7 -10 -21 25 -31 -35 -37 -47 -49 57 -59 -61 -65 -66 70 -78 -80 86 92 -94 -98 -99
-2 -6 -8 9 -11 -23 25 -31 34 -35 38 39 42 -59 -62 -80 -81 83 86 -90 -92 94 -95 96 97
3 9 12 -15 -16 -23 -26 -30 -31 -36 -41 48 -49 54 -62 63 -73 79 82 -93 99 100
-2 4 -10 13 -16 -18 19 -21 22 -30 42 -45 57 60 -62 63 -64 -69 70 71 -78 -81 -84 -94 95
-8 -11 -18 20 22 -36 39 40 50 56 -58 -67 82 86 92 -93 -96 -99 100
-2 -6 -8 20 -28 29 -31 32 38 -49 50 -52 55 -58 -59 -62 70 -76 -80 83 -84 -87 90 92 100
-10 -17 19 -23 -24 25 -26 29 32 34 -35 46 -51 56 -61 72 -78 84 86 87 -90 -92 -93 97
1 -5 12 -15 22 25 -28 32 -36 -37 38 39 54 55 56 -76 -81 83 87 89 92 -95 96 99
3 12 -14 -16 -23 -24 -30 -33 -36 40 42 -47 -51 -65 -78 -80 82 -86 92 -93 -98 -99
-11 22 29 -36 -43 -68 70 -81 82 85 91
1 3 4 -5 -14 -23 29 53 54 55 -59 63 71 -75 -80 97
-5 -8 25 34 40 -45 -47 -49 50 -51 -52 55 60 -68 -69 -76 -80 89 91 99 100
4 -8 13 -23 -27 29 32 -35 39 -41 -43 -47 48 53 55 -58 -62 63 -66 -68 70 -75 -78 82 83 89 -91 97 -98 99 100
-2 -5 19 -24 -31 -37 39 46 -51 56 -58 -59 -61 71 79 83 89 -91 97
-5 -6 -7 9 -10 12 -14 -15 -17 -21 -23 -26 46 54 -61 -68 72 74 82 -86 -98
22 -24 -26 -30 -35 -36 -59 -64 -65 -67 -68 -76 97
-5 -7 -15 -16 19 20 -23 -26 -27 -30 32 -33 42 50 54 -59 -65 -76 85 -86 87 91
-6 -8 -17 19 20 -21 22 25 -26 -36 42 60 -67 -75 79 83 87 89 92 96 100
-17 20 22 -28 -36 -37 39 46 -47 56 70 71 72 -78 -86 -88 -89 -94 -95 -98
-2 3 -10 12 -14 -16 -18 -26 -30 32 -35 40 -41 46 -47 56 -66 -69 -76 -81 87
4 -10 -17 29 38 48 57 -58 -59 83 -88 92 -93 94 -95 -96 -98
-2 -6 -14 -30 32 -37 54 55 -58 71 74 -81 82 -93 -94 -96 -99
-2 -11 12 13 -21 -30 -35 38 -45 -47 48 -51 -59 -66 71 -75 -76 -77 -80 -86 -87 -92 94
-7 -8 12 -18 -30 32 -36 -43 -44 -47 -61 71 72 -75 -81 83 -84 85 -86 90 96
1 -18 19 29 -31 34 -36 40 -44 -47 -49 -51 54 55 56 -59 -61 -66 -67 70 -77 -89 99
3 -8 -17 -24 -30 -31 -35 38 39 -47 48 -51 53 -59 -61 -62 -66 70 72 -77 -84 87 -89 -90 91 -93 -99
1 -8 -33 -37 39 46 70 72 -73 -76 -81 -88 91 96 97 99
3 -7 9 20 -21 -26 29 -31 -44 -51 54 55 56 -77 79 -84 -89 -91
-2 -6 20 -21 -23 25 -31 -33 -37 -44 50 -51 -58 60 -64 71 72 92 -93 -96
-7 -11 -16 19 20 29 -30 -33 -35 -43 -47 -51 55 -65 -69 -75 -76 -80 89 -90 -92 -98 99
1 -8 9 -17 -27 29 -30 -37 39 -45 55 56 -66 -80 82 90 -93
3 -7 -10 13 -17 -28 -43 -52 55 56 -58 -65 -67 -84 85 -88 89 90 -93
13 -17 -21 -26 -28 -37 -45 -51 56 -61 -64 -66 -67 70 -73 -77 82 85 89 -95 97 99
-2 -10 -21 -30 -31 -43 46 54 -61 -76 92 -93 100
-2 -7 -16 -17 19 -27 -31 -41 -45 63 -69 71 74 88 -91
3 -11 13 22 -27 -30 -35 38 42 46 -49 -51 -61 63 -64 -67 -68 71 -77 82 84 -90 91 -92 -96 97
1 4 -5 -15 -17 29 38 42 -44 -52 57 -58 -59 -67 -78 -81 83 87 -92 99
-11 -16 19 -23 32 -44 48 50 -59 -65 72 -75 82 -84 85 -89 94 -96 99
-7 -8 13 -17 20 -26 -28 -31 -33 39 42 -43 -44 48 50 60 -62 -66 -73 -84 89 -93
4 -10 -11 -14 -18 29 -36 38 -41 46 -47 -59 60 -65 -67 -78 79 -80 85 87 -99
3 -5 -7 12 19 -28 -31 -33 38 39 -41 46 -62 -67 -69 -73 79 -80 -81 96 -98
-2 -7 -10 -18 22 -24 -27 32 39 42 -62 63 -78 83 -86 97
-5 -6 -8 -16 20 -26 -31 32 -36 39 -41 -52 55 57 -61 -65 -73 -77 79 -80 -81 82 85 -95 -96
-5 -15 22 -23 -26 -30 34 -58 63 -77 -78 85 -90 95 -96
-5 12 -21 -28 34 38 40 42 -44 46 -61 70 72 -75 82 88 -89 -96
9 -10 -15 -18 19 -24 29 -31 34 -37 -41 -44 48 54 -62 79 83 -98
-2 -8 19 -23 25 -28 32 34 -36 -47 -49 53 55 -62 -64 -68 83 99
3 -18 -26 -30 32 -43 -44 -47 54 57 63 -66 -84 -89 94
3 -10 -14 -23 -24 34 -37 54 57 60 -61 63 -64 -66 -67 -68 -76 -84 85 99
-7 -15 -18 -23 -27 -28 -30 -45 -47 54 -66 72 -76 -77 82 85 -89
3 -10 13 19 -23 -24 25 -30 32 -35 -37 39 42 -49 -62 -64 -65 74 -75 -81 84 94 -95
-5 -6 -7 -11 13 -14 -21 -30 -31 -37 38 -44 -47 -49 57 -58 -68 82 84 92 -95
4 12 -14 -26 -30 -35 -44 -45 50 -62 -68 71 72 -73 74 -77 82 -88 91 94 -98
1 -6 -7 -11 25 32 -33 34 -36 -51 -52 -65 -78 85 -88 -93
-2 3 -14 -23 -27 29 -37 -44 -62 -64 71 -73 -76 79 -80 82 83 -84 85 89 97
-2 4 -11 -15 19 -21 -23 -35 -36 -44 57 60 -61 -67 71 79 82 -84 -88 92
-2 -6 -8 9 -11 12 -15 -16 -17 -18 -24 25 -27 -31 -35 39 -41 -43 -45 46 -51 -52 54 -59 60 -67 -69 70 74 -75 79 82 -86 -98
4 -8 19 20 22 -23 32 -37 40 46 48 -59 60 74 -87 -88 -94 97 -98 100
-2 -6 -8 9 13 -14 -15 -17 -21 25 32 34 -37 -41 -52 -67 74 -78 82 84 85 87 89 90 97 100
-2 -6 -7 12 25 -28 -35 39 -41 50 53 56 57 -58 60 -66 -67 -68 70 71 -78 79 92 97
3 13 -14 19 -21 -27 -33 34 -41 42 -49 54 -58 -62 -68 72 -73 -77 -90 -92 97
-6 -10 -14 20 -24 25 -31 -33 -43 46 48 -62 -76 -77 79 -93 -94
3 -11 -14 19 -26 -27 -31 -37 -43 -47 48 55 -58 -69 70 83 -89 -90 91 94
1 -7 12 19 20 -43 -47 53 -64 -66 -68 71 74 -88 90 -94 -98 99
-6 -10 -14 -15 19 -21 -28 -31 40 -41 -47 48 -52 57 -66 70 -75 85 -86 97
-2 4 9 12 13 -15 -16 -17 -26 29 -37 38 39 40 -51 54 57 -59 60 63 -64 74 79
-6 9 -17 -23 -26 29 32 -41 -44 -45 48 54 55 57 60 -69 -78 -84 -93 95 -98 100
-7 -8 -31 32 34 39 48 -62 -67 72 -73 74 -75 -77 83 -84 85 -86 87 -95
-5 -6 13 20 -21 22 -27 29 -35 50 -61 -69 70 71 -81 -90 97
13 -16 -18 29 -30 -33 -35 -37 56 -59 63 -75 -76 87 89 90 -91 -93 94 -98 99
-2 4 -5 -7 9 13 19 -21 -27 -36 -47 54 57 -58 -64 -66 71 -76 85 87 -92 96 97
-8 -10 -16 -21 25 29 -30 34 -36 -37 -45 46 -49 -52 53 57 71 82 94 -96
-31 -36 -37 40 -45 48 -52 54 55 63 -64 -66 -76 -90 97 100
-2 3 -11 12 -18 25 -35 39 54 -58 63 -65 72 85 -92 97
