2 7 12 14 16 20 26
5 7 12 14 16 20 26
2 7 12 14 16 20 26
2 7 12 14 16 20 26
2 7 12 14 16 20 26
2 7 12 14 16 20 26
2 7 12 14 16 20 26
2 7 12 14 19 20 26
2 7 12 14 16 20 26
2 8 12 14 16 20 26
2 8 12 14 16 20 26
2 7 12 14 16 20 26
2 7 12 14 16 20 26
2 8 12 14 16 20 26
2 7 12 14 16 20 26
2 11 12 14 16 20 26
2 7 12 14 16 20 26
2 7 12 14 16 20 26
2 7 12 14 16 20 26
2 7 12 14 16 20 26
2 7 12 14 16 20 26
2 7 12 14 17 20 26
2 7 12 14 16 20 26
2 10 12 14 16 20 26
2 7 12 14 16 20 26
2 7 12 14 16 20 26
2 11 12 14 16 20 26
2 7 12 14 16 20 26
2 7 12 14 16 20 26
5 10 12 14 16 20 26
2 7 12 14 16 20 26
2 7 12 14 16 20 26
2 7 12 14 16 20 26
2 7 12 14 16 20 26
2 7 12 14 16 20 26
2 7 12 14 16 20 26
2 7 12 14 16 20 26
4 11 12 14 16 20 26
2 7 12 14 16 20 26
2 7 12 14 16 20 26
2 8 12 14 16 20 26
2 7 12 14 16 20 24
2 7 12 14 16 20 26
2 7 12 14 16 20 26
2 7 12 14 16 20 26
2 7 12 14 16 20 26
2 7 12 14 16 20 26
2 7 12 14 16 20 26
2 8 12 14 16 20 26
2 7 12 14 16 20 26
2 7 12 14 16 20 26
2 7 12 14 16 20 26
2 7 12 14 16 20 26
2 7 12 14 16 20 26
2 7 12 14 16 20 26
2 7 12 14 16 20 26
2 7 12 14 16 20 26
2 7 12 14 16 20 26
2 7 12 14 16 20 26
2 7 12 14 16 20 26
2 7 12 14 16 20 26
2 7 12 14 16 20 26
2 7 12 14 16 20 26
2 7 12 14 16 20 26
2 7 12 14 16 20 26
2 7 12 14 16 20 26
2 7 12 14 16 20 26
2 7 12 14 16 20 26
2 10 12 14 16 20 26
2 7 12 14 16 20 26
2 7 12 14 16 20 26
2 7 12 14 16 20 26
2 7 12 14 16 20 26
2 7 12 14 16 20 26
2 7 12 14 16 20 26
2 7 12 14 16 20 26
2 7 12 14 16 20 26
2 7 12 14 16 20 26
2 7 12 14 19 20 26
2 7 12 14 16 20 26
2 7 12 14 16 20 26
2 7 12 14 16 20 26
2 8 12 14 16 20 26
2 7 12 14 16 20 26
2 7 12 14 16 20 26
2 10 12 14 16 20 26
2 7 12 14 16 20 26
2 8 12 14 16 20 26
2 7 12 14 16 20 26
2 7 12 14 16 20 26
2 7 12 14 16 20 26
2 7 12 14 16 20 26
2 7 12 14 16 20 26
2 7 12 14 16 20 26
2 7 12 14 16 20 26
2 7 12 14 16 20 26
2 7 12 14 16 20 26
2 7 12 14 16 20 26
2 7 12 14 16 20 26
2 7 12 14 16 20 26
2 7 12 14 16 20 26
2 7 12 14 16 20 26
2 7 12 14 16 20 26
2 7 12 14 16 20 26
2 11 12 14 17 20 26
2 7 12 14 16 20 26
2 11 12 14 16 20 26
2 7 12 14 16 20 26
2 7 12 14 16 20 26
2 8 12 14 16 20 26
2 7 12 14 16 20 26
2 11 12 14 16 20 26
2 7 12 14 16 20 26
2 7 12 14 16 20 26
2 7 12 14 16 20 26
2 7 12 14 16 20 26
2 7 12 14 16 20 26
2 7 12 14 16 20 26
2 7 12 14 16 20 26
2 7 12 14 16 20 26
2 7 12 14 16 20 26
2 7 12 14 16 20 26
2 7 12 14 16 20 26
2 7 12 14 16 20 26
2 7 12 14 16 20 26
2 11 12 14 16 20 26
5 7 12 14 16 20 26
