3 5 6 9 11 13 15
3 5 6 9 11 13 15
3 4 7 8 11 13 14
3 5 6 9 11 13 15
3 4 7 9 11 13 15
2 5 7 9 10 13 14
3 5 6 9 10 13 15
3 4 7 8 10 13 14
3 4 7 9 10 13 14
3 4 7 9 11 12 15
3 5 6 8 11 13 14
3 4 7 9 11 13 15
3 5 7 9 11 12 15
3 4 7 8 11 13 15
2 5 7 9 10 13 14
3 5 6 9 10 13 15
3 5 7 8 11 13 14
3 4 7 9 10 13 14
2 4 7 9 10 13 14
3 5 6 8 11 12 15
2 5 7 9 10 13 14
3 4 7 8 10 13 15
3 5 6 8 11 13 15
3 5 7 9 11 13 15
3 5 6 9 10 12 15
3 4 7 9 10 13 15
3 4 7 8 10 12 15
3 4 7 9 10 12 15
3 5 7 8 11 13 15
3 4 7 8 10 13 14
3 5 7 9 10 13 15
3 5 7 8 11 12 15
3 5 7 9 10 13 15
2 4 7 9 10 13 14
3 4 7 9 11 12 15
3 5 6 9 10 13 15
3 5 6 9 11 13 15
3 5 6 9 10 13 15
2 5 7 9 10 13 14
3 4 7 9 11 12 15
3 4 7 8 10 13 14
3 4 7 9 10 13 15
3 4 7 9 11 12 15
3 5 7 9 11 13 15
3 5 6 9 11 13 15
3 4 7 8 11 13 15
2 4 7 9 10 13 14
3 5 6 9 10 13 14
3 5 7 8 11 13 15
3 5 7 9 10 13 15
3 5 6 9 11 13 15
3 5 7 9 11 13 15
3 5 7 8 11 13 15
3 4 7 9 10 13 15
3 4 7 9 11 12 15
3 4 7 8 10 13 14
3 5 7 9 11 13 15
3 4 7 9 10 13 15
3 5 7 9 11 13 15
3 5 6 9 11 13 15
2 5 7 9 11 13 15
3 4 6 9 11 13 15
3 5 7 8 11 13 15
3 5 7 8 11 13 15
3 5 7 9 10 13 14
3 5 7 8 11 13 15
3 5 7 9 10 13 14
3 5 7 8 11 13 15
3 4 6 9 11 13 15
3 5 6 9 10 13 14
3 4 6 9 11 13 15
3 4 7 9 10 13 14
3 5 7 9 11 12 15
3 5 6 9 11 13 14
3 5 6 9 10 13 15
3 4 7 8 10 13 14
3 5 7 8 11 13 15
2 4 7 8 10 13 14
3 5 6 9 10 13 15
3 5 7 9 10 13 14
3 4 7 8 10 13 14
3 5 7 9 10 13 15
3 4 7 9 11 12 15
3 4 7 8 10 12 15
3 4 7 9 11 12 14
3 5 7 9 11 13 15
3 5 7 9 11 13 15
3 5 6 9 11 13 15
3 5 6 9 11 13 15
2 5 7 9 10 13 14
3 4 7 9 10 13 14
3 5 7 9 11 13 15
3 5 7 9 11 13 15
3 5 6 9 11 13 15
3 4 7 8 10 13 14
2 5 7 8 11 13 15
3 4 7 9 11 12 15
3 5 7 9 10 13 15
3 5 7 9 10 13 15
3 5 7 9 11 12 14
3 4 7 9 11 13 15
3 5 7 8 11 13 15
2 4 7 8 10 13 14
3 5 6 9 10 13 15
3 5 6 9 11 13 15
3 4 7 8 11 12 15
3 5 7 8 11 13 15
3 5 7 8 11 13 15
3 5 6 9 11 13 15
3 4 7 8 10 13 14
3 5 6 9 10 13 15
2 5 7 9 10 13 14
3 4 7 9 11 12 15
3 5 6 9 10 13 14
2 5 6 9 10 13 14
3 4 6 9 11 12 15
3 4 6 9 11 12 15
3 5 7 8 10 13 14
3 4 7 9 10 13 14
3 5 6 8 11 12 15
3 5 7 9 11 13 15
2 4 7 9 11 13 15
3 5 6 9 10 13 15
2 5 7 9 11 13 15
3 5 7 9 10 13 15
3 4 7 9 10 13 15
3 5 7 9 10 12 15
2 4 7 9 11 12 15
3 4 7 8 10 13 14
3 5 6 9 10 13 15
3 4 7 9 10 13 15
3 5 7 8 11 13 15
3 5 6 9 10 13 15
3 5 7 8 11 13 15
3 5 6 9 11 13 15
3 5 7 9 10 13 15
3 4 6 9 10 12 15
3 5 6 9 11 13 14
2 5 6 9 10 13 14
3 5 7 9 11 13 14
3 4 7 9 11 12 14
2 5 7 9 10 13 14
3 4 7 8 10 12 14
2 5 7 9 10 13 14
3 5 7 9 11 12 15
3 5 7 9 10 12 15
3 5 7 8 11 13 15
3 5 7 9 11 13 14
3 5 6 9 11 13 15
3 5 7 9 11 13 15
3 4 7 8 10 13 14
3 4 7 9 11 12 15
3 4 7 9 11 13 15
3 5 6 9 10 13 15
3 5 7 9 11 12 15
2 5 7 8 11 13 15
2 5 7 9 10 12 14
2 4 6 9 10 13 15
3 4 7 9 10 12 14
3 5 7 9 10 13 15
3 4 7 8 11 13 15
3 4 7 9 11 12 15
3 5 7 8 11 13 15
3 4 6 8 10 13 14
3 4 7 8 10 13 14
3 5 7 9 10 13 15
3 5 7 8 10 13 14
3 5 7 9 11 12 14
3 5 6 8 11 13 15
3 5 7 9 10 13 15
2 5 7 9 10 13 14
3 5 6 9 11 13 15
3 5 7 9 10 13 15
2 5 7 9 10 13 14
3 5 6 9 10 13 14
3 4 7 8 10 13 14
3 5 7 9 10 13 15
2 4 7 9 10 13 15
3 5 7 8 11 13 15
3 5 7 9 10 13 15
3 4 7 8 10 13 14
3 4 7 8 10 13 14
3 4 6 9 10 13 15
2 5 7 9 10 13 14
3 4 7 9 10 13 15
2 5 6 9 10 13 15
3 4 7 9 10 12 14
2 5 6 9 10 13 14
3 4 7 9 11 13 14
3 5 6 9 11 12 15
3 5 6 9 11 13 14
3 5 6 8 11 13 15
3 4 7 9 10 12 15
3 4 7 9 11 13 15
3 4 7 9 10 13 15
3 4 6 9 10 13 15
3 5 6 9 10 13 15
3 5 6 9 10 13 15
2 4 7 9 10 13 14
3 4 7 9 10 13 15
3 5 7 9 10 13 14
3 5 6 9 10 13 15
3 5 7 9 11 13 15
3 4 7 9 10 13 15
3 4 7 9 10 13 15
3 5 6 9 10 13 15
2 5 7 9 10 13 15
3 4 7 8 10 13 14
3 4 7 9 10 13 15
3 5 7 9 11 13 15
3 4 7 9 10 13 14
3 4 7 9 10 13 15
3 5 7 9 10 13 15
3 5 6 9 10 13 15
2 5 7 9 11 13 14
3 5 6 9 11 13 14
3 4 7 9 10 13 15
3 4 7 9 10 13 15
2 5 7 9 10 13 15
3 5 7 8 11 13 15
3 5 6 9 10 13 15
3 4 7 8 10 13 14
3 5 7 8 10 13 14
2 4 7 8 10 12 14
3 5 6 9 11 13 14
3 5 7 8 11 13 15
3 4 7 9 11 13 15
3 5 7 9 11 13 15
2 5 7 9 10 13 14
3 4 7 9 11 12 14
3 4 7 9 11 12 15
2 5 7 9 10 13 14
3 5 7 8 11 13 15
3 4 7 8 10 13 14
3 5 7 9 10 13 15
3 5 7 9 10 13 14
3 4 6 9 10 13 15
2 4 7 9 10 13 15
2 5 6 9 10 13 15
2 5 6 9 11 13 15
2 5 7 9 10 13 14
3 5 6 8 11 13 15
3 5 7 9 10 13 15
3 4 7 9 10 13 14
3 5 7 9 11 13 15
3 5 7 9 11 12 15
3 5 6 9 10 13 15
3 5 6 9 11 13 15
3 4 6 9 10 13 15
3 5 7 9 11 12 15
3 5 6 9 10 13 15
3 4 7 8 10 12 15
3 5 6 9 11 13 15
3 5 6 9 10 13 14
3 5 6 9 10 13 15
3 4 7 8 10 13 14
3 4 7 9 10 13 15
3 5 6 9 11 13 15
3 4 6 9 10 13 15
3 4 7 8 10 12 14
3 5 7 9 10 13 15
2 5 7 9 10 13 15
3 5 7 8 11 13 15
3 5 7 9 11 13 15
3 5 6 9 11 13 15
3 4 7 8 10 13 14
3 5 7 9 10 13 15
3 4 7 8 10 13 14
3 5 7 9 11 13 15
3 4 7 9 10 12 15
2 5 7 9 10 13 14
3 4 7 9 11 12 15
3 4 6 8 10 13 14
3 5 7 9 10 13 15
3 4 7 8 10 13 14
3 5 7 8 11 13 15
3 4 7 8 11 12 14
2 5 7 9 10 12 14
3 4 7 9 10 13 15
3 4 7 8 10 12 14
3 5 6 9 10 12 15
3 5 6 9 11 13 15
3 5 6 9 11 13 15
3 5 7 8 10 13 14
3 5 7 9 10 13 15
2 5 7 9 10 13 14
3 4 7 9 11 12 15
3 5 7 9 10 13 15
3 4 7 9 11 13 15
3 5 7 9 10 13 15
3 5 6 9 11 13 14
3 4 6 9 11 13 15
3 4 7 8 10 13 14
3 5 7 9 11 13 15
3 4 7 8 11 12 14
3 4 7 8 10 13 14
2 5 7 9 10 13 15
3 5 7 9 11 13 15
3 4 6 8 11 12 15
3 5 7 9 11 13 15
3 5 7 9 11 12 15
3 5 6 9 11 13 15
3 5 6 9 10 13 15
3 4 6 8 10 13 14
3 4 7 8 10 13 14
3 5 7 9 10 13 14
2 4 7 9 11 12 15
3 5 7 9 11 13 15
2 5 7 9 11 13 15
3 4 7 9 10 13 14
3 5 7 9 10 13 15
3 5 7 8 11 13 15
3 5 7 9 11 13 15
3 4 7 9 11 13 15
3 4 7 9 10 13 15
3 5 7 9 10 13 15
3 4 7 9 10 13 15
2 4 7 9 10 13 14
3 5 7 8 11 13 15
2 5 7 9 10 13 14
3 5 6 9 11 13 15
2 5 6 9 10 13 15
2 4 7 9 10 13 14
2 5 6 9 11 13 14
2 5 7 9 11 13 15
3 5 6 9 11 13 15
2 5 7 9 10 13 15
3 4 7 9 11 12 15
2 5 7 9 10 13 15
3 5 6 8 11 12 15
2 5 7 9 10 12 14
3 5 7 8 11 13 15
3 4 7 9 11 12 15
3 4 7 8 10 13 14
3 4 7 9 11 12 15
2 5 7 9 10 13 14
3 4 7 9 10 12 15
3 4 7 8 10 13 14
3 5 6 9 10 13 15
3 4 7 9 11 12 14
3 4 6 9 10 13 15
3 5 7 8 11 13 15
3 4 7 8 11 12 14
3 5 6 9 11 13 15
3 5 6 8 11 13 15
2 5 7 8 10 13 14
3 5 7 9 10 13 15
3 5 6 9 10 13 15
2 4 7 9 10 13 15
3 5 6 8 10 13 15
3 4 7 9 11 12 15
3 4 7 9 10 13 15
3 5 6 9 11 13 15
3 4 7 9 10 13 14
3 5 6 9 10 13 14
3 5 7 9 10 13 15
3 5 7 9 10 13 15
3 4 7 8 10 13 14
3 5 7 8 11 13 15
2 4 6 9 11 13 15
3 5 6 9 10 13 15
3 5 6 9 11 13 15
3 4 7 9 11 13 15
2 5 7 9 10 13 14
3 5 7 9 10 13 15
3 5 7 9 10 13 15
3 5 7 8 10 13 15
3 5 6 9 10 13 15
2 4 7 8 10 13 14
3 4 6 9 11 13 15
2 5 6 9 11 12 15
3 5 6 9 11 12 15
3 5 7 8 11 13 15
3 5 7 9 11 13 14
3 5 6 9 10 13 15
3 5 7 9 10 13 15
3 4 7 8 11 13 14
3 5 6 9 11 13 14
3 4 6 9 10 13 15
2 5 7 9 10 12 14
3 4 7 9 10 13 15
3 5 7 8 11 13 15
2 5 7 9 11 13 15
3 5 7 9 11 13 15
2 5 7 9 10 13 14
3 5 7 9 11 13 15
3 4 6 9 10 13 15
3 4 7 9 11 12 15
3 5 7 9 10 13 15
2 5 7 9 11 13 14
3 5 7 8 11 13 15
3 5 7 8 11 13 15
3 5 6 9 10 13 15
3 5 7 9 11 12 15
3 4 7 8 10 12 14
3 5 7 8 10 13 14
3 4 7 8 11 13 14
3 4 7 9 10 13 15
2 4 7 9 10 13 14
3 5 7 9 10 13 15
3 4 7 9 11 12 15
3 5 6 9 11 13 15
3 4 7 9 11 12 15
3 4 7 9 10 13 15
3 5 7 9 10 13 14
3 5 7 9 11 13 15
3 5 7 9 10 13 15
3 5 6 9 10 12 15
3 5 6 9 10 13 15
3 5 7 9 10 13 15
2 5 6 9 11 13 15
3 5 6 9 11 13 15
3 4 6 9 10 13 15
2 4 7 9 10 13 14
3 5 7 9 11 13 15
3 5 7 9 10 13 15
2 5 6 8 10 13 14
3 5 6 9 11 13 15
3 5 7 9 10 13 15
3 5 6 9 11 13 15
3 5 6 8 10 13 15
3 4 7 9 10 13 15
3 5 7 8 10 12 14
3 5 7 9 11 12 15
3 5 7 9 10 13 15
3 4 7 9 11 12 15
2 5 7 9 10 13 15
3 5 7 8 10 13 14
3 5 6 9 11 13 15
3 5 7 9 10 12 15
3 4 7 9 10 13 15
2 4 6 9 10 13 15
3 4 7 8 10 13 14
3 4 7 9 10 13 15
3 5 6 9 10 13 14
3 4 7 9 10 13 15
2 5 7 8 11 12 15
3 5 7 8 11 13 15
3 4 7 9 10 13 15
3 5 7 8 10 13 15
3 5 7 9 10 13 15
3 4 7 9 11 13 15
3 4 7 9 11 12 15
3 5 7 9 10 13 15
3 4 6 9 11 12 15
3 4 6 9 11 13 14
3 4 7 9 11 12 15
2 5 7 9 10 13 15
3 4 6 9 10 13 15
3 4 7 9 10 13 15
3 4 6 9 11 12 15
3 4 7 9 10 13 14
3 5 7 9 11 13 15
3 5 7 9 11 13 14
3 5 6 9 11 13 15
3 5 6 9 10 13 15
3 5 7 9 10 13 14
3 5 6 8 11 13 15
3 5 7 9 11 13 15
3 5 6 8 10 13 15
3 4 7 9 11 13 15
3 4 7 8 11 12 15
3 5 7 8 10 13 15
3 5 7 9 10 13 15
3 4 7 9 11 12 14
3 4 7 8 10 13 14
3 5 7 9 11 13 15
3 5 6 9 11 13 15
3 4 7 8 11 12 15
3 4 7 9 10 13 15
3 4 7 9 10 13 14
3 4 7 9 10 13 15
3 5 6 9 11 13 15
3 4 7 9 10 12 15
3 5 7 9 10 13 14
3 5 6 9 11 13 15
2 4 7 9 10 13 15
3 4 7 9 11 13 15
3 4 7 9 10 13 15
3 5 7 8 11 13 15
3 5 7 8 11 13 15
2 4 7 9 10 13 15
2 5 7 9 10 13 15
3 5 7 9 10 13 15
3 5 6 9 10 13 15
3 4 7 9 11 12 15
3 5 7 9 11 13 15
3 5 6 9 10 13 14
3 4 7 8 10 13 14
3 4 7 9 10 13 14
3 4 7 9 10 12 15
2 5 6 9 10 13 14
3 5 7 8 11 13 14
3 5 6 9 10 13 15
3 5 7 8 11 13 14
3 4 6 9 11 13 15
3 5 7 8 11 13 15
3 4 7 9 10 13 15
2 5 7 9 10 13 14
2 5 7 9 10 13 14
3 4 7 9 10 13 14
3 5 7 9 11 13 15
3 5 7 8 10 13 15
3 5 7 8 11 12 15
3 5 6 9 10 13 15
3 5 7 9 10 13 15
3 5 7 8 11 13 15
3 4 7 8 10 13 14
3 4 7 9 11 13 15
3 5 7 8 11 13 15
3 4 6 9 10 13 15
3 5 6 9 10 13 15
3 5 6 9 11 13 15
2 5 7 9 10 13 14
3 4 7 9 11 12 14
3 5 7 9 10 12 15
3 4 7 9 10 13 15
2 4 7 9 11 12 15
2 5 6 9 10 13 14
3 5 7 8 11 13 15
3 4 7 9 10 13 14
3 4 7 8 10 13 14
3 5 7 9 10 13 14
3 4 7 9 11 13 15
3 5 6 9 10 13 15
3 4 7 8 10 13 14
3 5 6 8 10 13 14
2 4 7 8 11 13 15
2 4 6 9 11 13 15
2 5 7 9 10 13 14
3 4 7 9 10 13 15
2 5 7 9 10 13 14
3 5 7 8 10 13 15
3 5 7 9 10 13 14
3 4 7 9 10 13 15
3 5 7 9 10 13 15
3 5 7 8 11 13 14
3 4 7 8 11 13 15
3 5 7 9 11 13 15
2 4 6 9 11 13 15
3 4 7 9 11 12 15
3 4 7 9 11 12 15
3 5 7 8 11 13 15
3 5 6 9 11 13 15
3 5 6 9 10 13 15
2 4 7 8 10 13 14
3 4 7 8 11 12 15
3 4 7 9 11 12 15
3 5 6 8 11 13 15
3 4 7 9 11 12 15
2 5 7 9 10 13 14
3 4 7 9 10 13 14
3 5 6 9 10 13 15
3 4 7 9 10 13 15
2 4 7 9 11 12 15
2 4 6 9 10 13 15
2 5 6 9 11 13 15
3 5 7 9 10 13 15
3 4 6 8 10 12 14
3 4 7 8 10 13 15
3 5 7 9 11 13 15
3 4 7 8 10 13 14
3 5 7 8 11 13 15
3 5 6 9 10 13 15
2 5 7 9 10 13 15
3 5 7 9 11 12 15
3 5 6 8 11 13 15
3 5 7 8 11 13 15
3 5 7 9 10 13 15
2 5 7 9 10 13 14
3 5 6 9 10 13 14
3 5 6 9 10 13 15
3 5 6 9 10 13 14
3 5 7 8 11 13 15
3 4 6 8 10 13 15
3 5 6 9 11 13 15
2 4 7 9 10 13 15
3 4 7 9 11 12 15
3 5 7 9 11 13 15
2 4 7 9 11 12 15
3 5 6 9 11 13 15
3 5 6 9 10 13 15
3 4 7 8 10 13 14
3 5 7 9 11 13 15
3 5 6 9 10 13 15
3 4 7 9 10 12 15
3 5 6 9 10 13 15
3 4 7 9 11 12 15
3 4 7 9 10 12 15
3 5 7 9 10 13 15
3 4 6 9 11 13 15
3 5 7 9 10 13 15
3 5 6 9 11 13 15
3 4 7 8 10 13 14
3 5 6 9 11 13 15
3 5 7 9 11 13 15
3 4 7 8 11 12 15
3 5 6 9 11 13 15
3 5 7 8 11 12 15
3 5 6 9 10 13 14
3 4 7 9 11 12 15
3 4 7 9 11 12 15
3 5 6 9 10 13 15
3 5 6 9 11 13 15
3 4 7 8 10 12 14
3 4 6 9 11 12 15
3 5 6 9 10 12 15
2 5 6 9 10 13 15
2 4 7 9 11 12 15
3 4 7 9 10 13 15
3 5 6 9 11 13 15
2 5 6 9 10 13 14
2 5 7 9 10 12 14
2 5 7 9 10 13 15
3 5 7 9 10 13 15
3 4 7 9 10 12 15
3 4 7 8 11 13 14
3 5 7 9 10 13 14
3 5 7 8 11 12 15
3 4 7 9 11 12 15
3 5 7 9 10 13 15
3 5 6 9 10 13 15
2 5 6 9 11 12 15
3 5 6 9 10 13 15
3 4 7 8 11 13 14
3 5 6 9 10 13 15
3 5 7 8 11 13 15
2 5 7 9 11 13 14
3 4 7 8 11 12 15
3 4 7 9 10 13 15
3 5 6 9 10 13 15
3 4 7 8 10 13 14
3 5 7 8 10 12 15
2 4 7 8 11 13 14
3 5 7 9 11 13 14
3 5 7 8 11 13 15
3 5 6 9 10 13 15
3 5 6 9 11 12 15
3 4 7 8 10 13 14
3 5 7 9 10 13 15
3 4 7 8 11 13 14
3 5 7 9 11 13 15
3 4 7 8 10 13 14
3 5 7 9 11 13 15
3 5 6 9 10 13 15
2 5 7 9 10 12 14
2 5 6 9 11 13 14
3 4 7 9 10 13 15
3 5 7 9 10 13 15
3 5 7 8 11 12 15
2 5 7 9 10 13 14
3 5 6 9 10 13 14
3 5 6 9 11 12 15
3 5 7 9 10 13 15
3 5 7 9 10 13 14
3 4 7 9 11 13 15
2 4 7 8 10 13 14
3 4 7 8 10 12 14
3 4 7 9 10 13 15
3 4 7 8 10 13 14
3 5 6 9 10 12 15
2 5 7 9 10 13 15
3 5 6 8 10 13 14
3 4 7 9 10 13 14
3 4 7 9 10 13 14
3 5 7 9 10 13 15
3 4 7 9 10 13 15
3 4 7 9 10 13 15
3 5 7 9 10 13 15
3 5 7 9 10 13 15
3 5 7 9 11 13 15
3 5 7 9 11 12 15
3 5 6 9 11 13 15
3 5 6 9 11 13 15
3 5 7 9 11 12 15
3 5 7 8 11 13 15
3 5 6 9 10 13 15
3 5 7 9 10 13 15
3 4 7 8 10 13 14
3 5 7 9 10 13 15
3 4 7 9 10 13 15
3 5 6 8 10 13 15
2 5 7 9 10 13 15
3 5 7 9 11 13 15
3 5 7 9 11 13 15
3 4 7 8 10 13 14
2 5 7 9 10 13 14
3 5 7 9 10 13 15
3 5 6 9 11 13 15
3 4 7 8 10 13 14
3 5 7 9 10 13 15
3 5 7 8 11 13 15
3 4 7 9 10 13 15
3 4 7 9 10 13 14
3 5 6 9 11 13 15
2 4 7 9 10 13 14
2 5 7 8 11 13 14
3 5 7 9 10 13 15
2 4 7 9 10 13 15
3 5 7 8 11 13 15
3 5 7 9 10 13 15
3 5 6 9 10 13 15
3 5 7 8 11 13 15
3 5 7 9 11 13 15
3 5 6 9 11 13 15
3 5 6 9 11 13 14
3 4 7 8 10 13 14
3 4 7 9 11 12 15
3 4 6 9 11 12 15
3 5 7 8 10 13 15
3 4 7 9 11 12 15
3 4 7 8 10 13 14
3 5 7 8 11 13 15
2 5 7 9 10 13 15
3 4 7 9 10 13 15
2 5 7 9 10 13 14
3 5 6 9 10 13 15
3 5 7 8 10 13 15
3 4 7 9 10 13 15
2 5 7 9 10 13 14
3 5 6 9 10 13 15
3 5 7 9 10 13 14
3 4 7 8 11 12 15
3 4 6 8 10 12 15
3 5 7 8 10 13 15
3 4 7 9 10 12 15
3 5 7 9 10 13 15
3 4 6 9 11 13 15
3 4 7 9 11 12 15
3 5 7 9 10 13 14
3 4 7 8 10 13 14
3 5 7 8 11 13 15
3 4 7 8 11 12 15
3 5 7 8 11 13 15
3 5 7 9 11 13 15
2 5 7 9 10 13 14
3 5 6 9 10 13 15
2 5 7 9 10 13 14
3 4 7 9 10 12 15
3 5 7 9 11 12 15
3 5 7 8 10 13 15
3 4 7 9 11 13 15
3 5 7 9 11 13 15
3 4 6 8 11 13 15
2 5 7 9 10 13 14
2 5 7 8 10 13 14
2 5 6 9 11 13 15
2 4 7 9 10 13 15
2 5 6 9 11 13 15
2 5 7 9 10 13 14
3 4 6 9 11 12 15
3 4 6 9 10 13 15
3 4 7 9 11 12 15
3 5 6 9 10 13 15
3 5 7 9 10 13 15
3 4 7 9 11 12 15
3 5 7 9 10 13 15
2 5 7 8 10 13 14
3 5 7 8 10 13 14
3 5 7 9 10 13 15
3 4 6 9 11 13 15
3 5 7 9 11 13 15
3 5 7 9 11 13 15
2 5 6 9 11 13 15
3 5 6 9 11 13 15
3 5 7 9 11 12 15
3 5 6 8 11 13 15
2 5 6 9 10 13 14
3 4 7 9 11 12 15
3 5 7 8 11 12 15
3 4 7 9 10 13 15
3 4 7 9 10 13 15
3 5 6 9 10 13 15
3 5 6 9 11 13 15
3 5 7 9 10 13 14
3 5 6 8 10 13 15
2 5 7 9 10 13 14
3 4 7 9 11 12 15
3 4 7 8 10 13 15
2 5 6 9 10 12 15
3 5 6 9 11 13 15
3 5 6 8 10 13 14
3 5 7 8 11 13 14
3 5 6 9 11 13 15
2 5 7 9 10 13 14
3 4 7 9 10 13 15
3 5 6 9 10 13 15
3 4 7 9 11 12 15
2 5 7 9 10 13 14
2 5 6 9 10 13 14
3 4 7 9 10 13 15
2 4 7 9 11 13 14
3 4 7 9 10 13 15
3 5 7 8 11 13 15
3 5 7 9 10 13 14
3 4 7 9 11 12 15
3 4 6 9 10 13 15
3 4 7 9 11 12 15
3 5 6 9 10 13 14
3 4 7 9 11 12 15
2 5 6 8 10 13 15
3 4 7 9 10 13 15
2 5 7 9 10 13 14
3 5 7 8 10 12 14
3 4 6 9 10 12 15
3 5 7 9 11 13 14
3 5 7 8 10 13 14
2 4 7 9 10 12 15
3 4 7 9 11 12 15
3 4 7 9 10 12 15
3 4 7 9 11 12 15
3 5 7 9 11 13 15
3 4 7 8 10 13 14
3 5 7 8 11 13 15
3 5 7 9 11 13 15
3 5 7 8 11 13 15
2 5 7 9 10 13 15
3 5 6 8 11 13 15
3 5 7 9 11 13 15
3 4 7 8 10 13 14
3 5 7 9 10 13 15
3 5 6 8 11 13 15
3 4 6 9 10 13 15
3 4 7 9 10 13 15
3 5 6 9 10 13 15
2 4 7 8 10 13 15
3 4 7 9 11 13 15
2 5 7 9 10 13 14
3 5 6 9 10 13 14
3 5 6 9 10 13 15
2 4 7 9 10 13 14
3 5 7 9 10 13 15
3 4 7 8 10 13 14
3 4 7 8 10 13 15
3 4 7 9 10 13 15
3 4 6 9 11 12 15
2 5 6 9 10 13 14
3 5 7 9 11 13 15
3 4 7 9 11 12 15
3 5 6 9 11 13 15
3 5 7 9 10 12 15
3 5 7 8 11 13 15
3 5 7 9 11 13 14
2 5 7 9 10 13 15
2 5 7 9 10 13 14
3 5 7 9 11 13 15
3 4 7 9 11 12 15
2 5 7 9 10 13 15
3 4 6 9 10 13 15
3 5 6 9 11 13 15
3 4 7 8 10 13 15
3 5 7 8 10 13 14
3 5 7 9 10 13 15
3 4 7 9 10 13 15
3 5 6 9 11 13 15
2 5 7 9 11 13 15
3 4 7 8 11 13 15
3 5 6 9 10 13 15
3 4 7 9 11 13 15
2 5 7 9 10 13 14
3 5 7 8 11 13 15
2 5 7 9 10 13 14
2 5 7 8 10 13 14
3 4 7 9 11 12 15
3 4 7 9 10 13 15
2 4 7 8 10 13 14
2 5 7 9 11 13 15
3 5 7 9 10 13 15
3 5 7 9 11 13 15
3 5 6 8 10 13 15
3 5 7 9 10 12 15
3 5 6 9 10 13 15
2 5 6 9 10 13 14
3 5 6 9 11 13 15
3 5 6 9 11 13 14
3 4 6 9 10 13 14
3 5 6 9 11 13 14
2 5 7 9 10 12 14
3 5 6 9 10 13 15
3 5 6 8 11 13 15
3 5 7 8 10 13 15
2 5 6 9 10 13 15
3 5 7 9 11 12 15
3 5 6 9 11 12 15
3 5 7 8 11 13 15
3 5 6 9 10 13 14
3 4 7 9 10 13 14
3 4 7 9 11 13 15
3 5 6 9 10 13 15
3 4 7 9 11 12 15
3 5 7 9 10 13 14
3 4 7 9 10 13 15
3 4 7 8 10 13 14
3 5 7 8 11 13 15
3 5 6 9 11 13 15
3 5 7 9 10 13 14
3 5 6 9 10 13 15
2 5 7 9 10 13 14
3 5 7 9 11 13 14
3 4 7 9 11 12 15
3 5 6 9 11 12 15
3 4 7 9 11 12 15
3 5 7 9 10 13 14
3 5 6 9 10 13 15
3 5 6 9 10 13 15
3 4 6 8 10 13 15
3 4 7 9 10 13 15
3 5 7 9 11 13 15
3 4 7 9 10 13 15
2 5 7 9 10 13 14
3 5 7 9 10 13 15
2 4 7 8 10 13 15
3 5 7 8 11 13 15
3 5 6 9 11 13 15
3 5 7 9 11 12 15
3 5 6 9 11 13 15
3 5 6 9 10 13 15
3 4 7 9 10 13 14
3 5 6 9 10 12 15
3 5 6 9 11 13 15
3 5 7 8 10 13 14
2 5 7 9 11 12 15
3 5 7 8 11 13 14
3 5 7 9 10 13 15
3 4 7 8 11 13 15
3 5 6 8 11 13 15
3 4 7 9 10 13 15
2 4 7 8 11 13 14
3 4 7 9 11 12 15
3 4 7 8 10 13 14
3 5 7 9 11 13 15
3 5 7 9 11 13 15
3 4 6 9 10 13 15
3 5 7 9 10 13 15
3 4 6 9 10 13 14
3 4 7 8 10 13 14
3 5 6 9 10 13 15
2 5 7 9 10 13 15
3 4 6 9 11 13 15
2 5 7 9 10 13 15
2 5 7 9 10 13 14
3 5 6 9 10 13 15
3 5 6 9 11 13 15
3 5 7 9 10 13 15
3 4 7 9 10 13 14
3 5 7 9 11 13 15
3 5 7 9 10 13 15
3 5 6 9 11 13 15
3 5 7 9 11 13 15
3 4 7 9 10 13 14
3 5 6 9 11 13 15
3 5 6 9 11 13 15
2 5 7 9 10 13 14
3 5 6 9 10 13 15
3 5 7 9 10 13 14
3 5 7 9 11 13 14
3 4 7 9 10 13 15
3 5 6 9 11 13 15
3 5 7 9 10 13 15
3 5 6 9 11 13 15
3 4 7 8 10 13 14
3 4 7 8 10 13 14
3 5 6 9 11 12 15
3 5 7 8 10 13 14
2 5 6 9 10 13 14
3 4 7 8 10 12 14
3 5 7 9 10 13 15
3 5 6 9 10 13 15
3 5 6 9 11 13 14
3 5 6 9 10 13 15
3 5 7 8 11 13 15
3 4 7 8 11 13 14
3 4 7 9 11 12 15
3 5 7 8 11 13 15
3 5 6 8 11 13 15
3 4 7 9 10 13 15
3 4 7 9 10 13 15
2 4 7 8 10 13 15
3 5 6 9 11 13 15
3 5 7 9 10 13 15
3 4 6 8 10 13 14
3 5 7 8 11 13 15
3 5 7 8 11 13 15
3 4 7 9 10 13 15
3 4 7 8 10 13 14
3 5 7 9 10 12 15
3 4 6 9 11 12 15
3 5 7 9 11 13 15
3 5 6 9 11 13 15
3 5 7 9 10 13 15
2 5 7 9 10 13 15
3 4 7 8 11 13 14
3 5 7 8 11 13 15
3 4 7 9 10 13 15
3 4 7 9 11 12 15
3 4 7 9 10 13 15
3 5 6 9 10 13 15
3 4 7 8 10 13 14
3 5 7 9 10 13 15
2 5 6 9 10 12 15
3 5 7 9 11 13 15
2 5 7 9 10 13 14
2 5 7 9 10 13 14
3 4 7 9 10 13 15
3 4 7 8 10 13 15
3 5 7 8 11 13 15
3 5 7 8 10 13 15
3 4 7 8 11 13 14
2 5 7 9 10 13 15
3 5 7 9 10 13 15
2 5 7 8 10 13 14
3 5 6 9 10 13 14
3 4 7 8 10 13 15
3 5 6 8 10 12 15
3 5 6 9 10 12 15
3 5 7 8 11 12 15
3 5 6 9 10 13 15
3 5 7 9 10 13 15
3 5 6 8 11 13 15
3 5 6 8 11 13 14
3 4 7 9 11 12 15
3 4 6 9 11 13 15
3 4 7 9 11 12 15
3 5 7 9 10 13 15
3 4 7 8 10 13 14
3 5 7 9 11 13 15
3 5 7 9 10 13 15
3 5 6 9 10 13 15
3 4 7 8 10 13 14
3 4 7 9 10 13 15
3 4 7 9 11 12 15
3 5 6 9 11 12 15
3 5 7 8 10 13 15
3 5 7 9 10 13 15
3 4 7 8 10 13 15
3 5 6 9 11 13 15
3 5 7 9 11 12 14
3 4 7 8 10 13 14
3 5 7 8 10 13 15
3 5 7 9 10 13 15
3 5 7 9 11 13 15
3 4 7 9 11 13 14
3 5 7 8 11 13 15
3 4 7 8 10 13 14
3 5 7 9 11 13 15
3 4 7 8 10 13 14
3 4 7 8 10 13 14
2 5 7 9 10 12 14
3 4 7 8 10 13 14
2 4 7 8 10 13 14
3 5 7 9 10 13 15
3 5 7 9 11 13 15
3 5 7 9 10 13 15
3 5 7 8 11 13 15
2 4 7 9 11 12 15
3 5 7 8 11 13 15
3 5 7 9 11 13 15
2 5 7 9 11 13 15
3 4 7 8 10 13 14
3 5 6 9 10 13 15
3 4 7 8 10 13 14
3 5 7 8 11 12 15
3 5 7 9 11 13 15
3 5 6 9 11 13 15
3 5 6 9 10 13 15
3 4 6 9 11 12 14
2 4 7 9 10 13 15
3 5 7 9 10 13 15
2 5 7 9 10 13 14
3 4 7 9 11 12 15
3 5 7 9 11 12 15
3 5 7 8 11 13 15
3 4 7 9 11 12 15
3 5 6 9 10 13 15
2 5 7 9 10 13 14
3 5 7 9 10 13 15
2 5 7 9 10 13 14
3 5 6 9 11 13 15
3 5 7 9 10 13 15
3 5 6 9 10 13 15
3 5 6 8 10 12 15
3 5 6 9 10 13 15
3 5 6 9 11 13 15
3 4 7 9 11 13 14
3 5 6 9 10 13 15
3 5 6 8 10 13 15
3 5 6 9 11 13 15
3 4 7 9 11 13 14
3 5 7 9 11 13 15
3 5 7 8 10 13 15
3 4 7 9 10 13 15
3 4 7 9 10 12 15
2 5 6 9 10 13 15
3 4 7 9 11 12 15
3 5 7 8 11 13 15
2 4 7 9 11 12 14
3 4 7 8 11 12 15
3 5 7 9 11 13 15
3 5 7 9 11 13 15
2 4 7 9 10 13 14
3 5 7 9 10 13 15
2 4 7 9 10 13 14
3 4 7 8 10 13 14
3 5 6 9 10 13 15
3 4 7 9 10 13 15
3 4 7 8 11 13 15
2 4 7 9 10 13 14
3 5 6 9 10 12 15
2 5 6 9 10 12 14
3 5 7 8 11 13 15
3 5 7 8 11 12 15
3 4 7 8 11 13 15
3 5 7 9 10 13 15
3 4 6 9 10 13 14
3 5 7 9 11 13 14
3 5 7 8 11 13 15
3 5 6 9 11 13 15
3 5 7 9 11 13 15
3 5 6 9 10 13 15
3 5 7 8 11 13 15
3 5 7 9 10 13 14
3 4 6 9 11 12 15
3 4 7 9 11 12 15
3 4 7 9 10 13 15
3 5 6 8 11 13 14
3 5 7 8 11 13 15
3 5 7 8 11 13 15
3 4 7 8 10 13 14
3 5 7 9 11 13 15
3 5 7 8 11 12 15
3 5 6 9 11 13 14
3 5 6 8 10 13 15
3 4 7 8 10 12 14
3 4 7 8 10 13 14
3 5 7 9 11 13 15
2 5 7 9 11 13 14
2 5 6 9 10 13 15
3 5 7 9 11 13 15
2 5 6 9 11 13 15
3 5 6 8 10 13 15
3 5 7 9 10 13 14
2 5 6 9 10 13 15
3 4 6 8 10 13 14
3 5 7 9 10 12 15
3 4 7 8 10 13 15
3 4 7 8 10 13 14
3 5 7 8 11 13 15
3 4 7 9 10 13 14
3 4 7 9 10 13 15
3 4 7 9 10 12 15
3 5 6 9 10 13 15
3 5 7 9 10 13 15
3 4 7 9 11 12 15
2 5 7 9 10 13 14
2 5 7 9 10 13 14
3 4 6 9 11 12 15
2 4 7 8 11 13 14
3 5 7 9 10 13 15
3 4 7 8 10 13 14
3 5 6 8 11 13 14
3 5 6 9 11 13 15
2 5 7 9 10 13 14
3 4 7 9 11 13 15
3 4 7 9 11 12 15
2 4 7 9 10 13 14
3 5 7 8 10 13 15
3 4 7 9 11 13 15
3 4 7 9 11 12 15
3 5 7 9 11 13 15
3 5 7 9 11 13 15
2 5 7 9 10 13 14
3 5 6 9 11 13 15
3 4 7 9 10 13 15
3 5 7 9 10 13 15
3 5 7 9 10 13 14
3 5 6 8 11 13 15
2 5 7 9 10 13 14
3 5 6 8 10 13 15
3 4 6 8 10 13 14
3 5 7 9 11 13 15
3 5 6 9 10 13 15
2 5 7 9 11 13 14
2 4 7 9 10 13 15
3 4 7 8 10 13 14
3 4 7 9 11 13 15
3 5 6 9 11 13 15
3 5 7 8 11 13 15
3 5 7 8 11 13 15
3 5 7 9 11 13 15
3 4 7 9 11 12 15
3 4 7 8 10 13 14
3 5 6 9 11 13 15
3 5 6 8 11 13 15
3 5 7 9 11 12 15
2 5 7 9 10 13 14
2 5 6 9 10 13 15
3 4 6 9 10 13 15
3 4 6 8 10 13 14
2 5 7 9 10 13 14
3 4 7 9 11 12 15
3 4 7 8 10 13 15
3 4 7 8 10 12 15
2 5 6 9 11 13 15
3 4 7 9 11 12 15
2 5 7 9 10 13 14
3 4 6 9 11 13 15
2 4 7 8 11 13 15
3 5 7 9 11 12 15
3 4 7 9 10 13 15
3 5 6 9 11 13 15
3 5 7 9 10 13 14
3 5 6 9 11 13 15
3 5 6 9 11 13 15
3 5 6 9 11 13 15
3 5 7 9 10 13 15
3 5 7 8 11 13 15
3 5 6 9 10 12 15
3 5 7 9 10 13 15
2 5 7 8 11 13 15
2 4 7 9 11 12 15
3 4 7 9 10 13 15
2 4 7 9 10 13 14
3 5 7 9 10 13 15
3 5 7 8 10 13 15
3 4 7 9 11 12 15
3 5 7 9 11 12 15
3 5 6 8 11 13 15
3 5 7 8 11 13 15
3 5 7 9 11 13 15
2 5 6 9 10 13 14
3 5 6 9 10 12 14
3 5 6 9 10 13 15
3 5 6 9 10 13 15
3 4 7 9 11 12 14
3 5 6 9 10 12 15
2 4 7 9 10 13 14
2 5 7 9 10 13 14
3 4 7 9 10 13 14
3 5 6 9 10 13 15
3 4 7 9 10 13 15
3 4 7 8 10 13 14
2 5 7 9 10 13 14
3 4 7 8 11 13 15
3 4 7 8 10 13 15
2 5 7 9 10 12 14
3 5 7 8 10 13 14
2 4 7 9 11 13 14
3 4 7 8 10 12 14
3 4 6 9 10 13 15
3 4 7 8 10 13 14
3 4 7 9 11 13 15
3 5 6 9 10 13 15
3 4 7 9 11 12 15
2 4 7 9 10 13 14
3 5 7 9 11 13 15
3 4 7 8 10 13 14
3 4 6 9 10 13 15
3 4 7 8 10 13 14
3 5 6 8 11 13 15
3 4 7 9 10 13 15
3 4 7 9 10 13 14
3 4 7 8 10 13 14
3 5 6 9 10 13 15
3 5 7 9 11 12 15
3 5 7 9 10 13 15
2 5 7 9 11 13 15
2 4 7 9 11 13 14
3 4 7 9 11 13 15
3 4 7 8 11 12 15
2 4 7 9 11 12 15
3 4 7 9 11 12 15
2 5 7 9 10 13 14
3 5 7 9 10 13 15
2 4 7 9 11 12 15
3 5 7 8 10 13 15
3 5 6 9 11 13 15
3 4 7 9 10 13 14
2 4 6 9 11 13 15
3 5 7 9 10 13 15
2 4 7 8 11 13 14
2 4 7 9 10 13 14
3 4 6 8 11 13 15
3 5 7 9 11 13 15
3 4 7 8 10 13 14
3 4 7 9 10 13 14
3 5 7 9 11 13 15
3 5 6 8 11 13 15
3 4 7 9 10 13 15
3 5 6 9 11 13 15
3 4 7 9 11 12 15
3 5 6 8 10 13 15
3 4 6 9 10 13 15
3 4 7 9 10 12 15
3 4 7 9 11 12 15
3 5 7 8 11 12 15
3 4 7 9 11 12 15
3 5 7 8 11 13 14
3 5 6 9 10 13 14
3 4 7 9 11 12 15
2 5 7 9 10 13 14
3 5 6 9 11 13 15
3 5 7 8 10 13 14
2 4 7 8 10 13 14
3 5 7 9 11 13 15
3 5 7 8 10 13 15
3 5 6 9 10 13 15
3 4 7 8 10 13 14
3 5 7 8 11 13 15
2 5 7 9 11 13 15
2 5 7 9 10 13 14
2 5 7 9 10 13 14
3 5 7 9 10 13 15
3 4 7 9 10 12 15
3 5 7 9 11 13 15
2 5 7 9 10 13 14
3 5 7 9 10 13 15
2 5 7 9 10 13 14
3 5 7 9 11 12 15
3 5 6 9 10 13 15
3 4 7 9 10 13 15
2 5 7 9 10 13 15
3 4 7 9 10 13 15
3 5 7 8 10 13 15
2 5 6 8 10 13 15
2 5 6 9 10 12 15
3 4 7 8 10 13 14
3 5 7 8 11 13 15
3 5 7 9 10 13 15
3 5 7 9 10 12 15
2 5 7 9 10 13 14
3 4 7 8 11 13 14
2 5 7 9 10 13 14
3 4 6 9 11 12 15
2 5 7 9 10 13 14
3 5 7 8 11 12 15
3 5 7 9 10 13 15
2 5 7 9 10 13 14
3 4 7 9 11 13 15
3 5 7 9 10 13 15
2 5 7 9 10 13 14
3 5 7 8 11 13 14
3 5 7 9 11 13 15
3 4 7 9 10 13 15
3 5 7 9 11 13 15
3 4 7 8 10 13 14
3 4 7 9 11 12 14
3 4 7 8 10 13 14
3 5 7 9 11 13 15
2 4 6 9 10 13 14
3 4 7 9 10 13 14
3 4 7 9 10 13 14
3 5 6 8 11 12 15
3 4 7 8 10 13 14
3 4 6 9 10 12 15
3 5 6 9 10 12 15
3 4 7 9 11 12 15
3 5 7 9 10 12 14
3 5 7 9 11 13 15
2 5 7 8 10 13 14
3 5 6 9 11 13 15
3 5 7 9 11 13 15
2 5 7 9 10 13 14
3 4 7 8 11 13 14
3 5 6 9 10 13 15
3 5 6 9 10 13 15
3 5 7 9 11 13 15
3 4 7 9 11 13 14
3 5 7 9 11 13 15
2 4 7 9 11 12 15
3 5 7 8 11 13 15
3 5 7 8 11 13 15
3 4 7 8 10 13 14
3 5 7 9 10 13 14
3 4 7 8 11 13 15
3 5 7 9 11 13 15
3 4 7 9 10 13 15
3 5 6 9 10 13 15
2 4 6 9 10 13 15
3 5 7 8 10 13 15
3 5 7 9 10 13 15
3 4 7 9 11 12 14
3 5 6 9 10 13 15
3 5 7 8 11 13 15
3 5 7 9 11 13 15
3 5 7 8 11 12 14
2 5 7 8 11 13 15
3 5 6 9 10 13 15
2 4 6 9 10 13 14
2 5 7 9 11 13 15
3 5 7 9 11 13 15
2 5 7 9 10 13 15
3 5 6 9 10 13 15
3 4 7 8 10 13 14
2 5 7 9 10 13 15
3 4 7 9 10 12 15
3 5 7 9 11 13 15
3 5 7 9 11 13 14
3 5 6 9 11 13 15
3 4 7 9 11 12 15
3 4 6 9 11 13 15
3 4 7 9 10 13 15
3 5 7 9 11 13 15
3 5 7 9 10 13 15
3 5 7 9 10 13 15
2 4 7 9 10 13 14
3 5 6 9 10 13 14
3 5 6 9 10 13 14
3 4 6 9 10 13 15
3 4 6 9 10 13 15
2 5 7 8 11 13 14
3 5 7 8 11 13 15
3 5 6 9 10 13 15
2 5 6 9 11 13 14
3 4 7 8 10 13 14
3 5 7 9 10 13 15
3 5 7 9 11 13 15
3 4 7 9 10 13 15
3 5 7 9 11 13 15
2 5 7 9 10 13 14
3 5 6 9 10 13 15
3 4 7 9 11 12 15
3 4 7 9 10 13 15
3 4 7 9 10 13 15
3 5 7 9 11 13 14
3 5 6 9 10 13 15
2 5 6 9 10 13 14
3 4 7 9 10 13 15
3 5 7 8 11 13 15
3 5 7 8 11 13 15
3 5 7 9 11 13 15
3 5 7 8 10 13 15
3 5 7 9 10 13 14
3 5 7 8 10 13 14
2 5 6 8 10 13 15
3 5 7 9 11 13 15
3 4 7 9 11 13 15
2 5 7 9 10 13 14
3 5 6 9 10 13 15
2 4 6 9 11 12 15
3 4 7 9 11 12 15
3 4 7 8 10 13 14
3 4 7 9 11 12 15
3 5 7 9 10 13 15
2 4 7 8 11 13 15
3 5 7 8 11 13 15
3 5 7 9 10 13 15
3 5 7 9 10 13 15
3 5 7 9 10 13 14
3 4 7 9 10 13 15
2 4 7 9 10 13 14
2 4 7 8 10 13 14
3 4 7 8 10 13 15
2 5 7 9 10 13 14
3 4 7 8 11 13 14
3 4 7 9 11 12 15
2 5 7 9 10 13 15
3 5 6 9 10 13 15
2 5 7 9 11 13 15
3 4 6 9 11 13 15
3 5 7 8 11 13 15
2 5 6 9 11 13 14
3 4 7 9 10 13 14
3 5 6 9 11 13 15
3 5 7 8 11 12 15
3 4 7 8 10 12 14
3 5 7 9 11 13 15
3 5 7 8 11 13 15
3 5 7 9 11 13 15
3 5 7 9 10 13 15
2 5 7 9 10 13 15
3 5 6 9 11 13 15
2 5 7 9 10 13 14
2 4 7 9 10 13 15
3 5 7 9 11 13 15
3 4 7 8 10 13 14
2 4 7 9 11 12 15
3 5 6 9 10 13 15
3 5 7 8 10 13 15
3 4 6 9 11 13 15
3 5 6 8 10 13 15
3 5 7 9 11 13 15
2 4 7 9 11 12 15
3 4 7 9 10 13 15
3 5 6 9 11 13 15
2 5 6 9 11 13 15
3 5 7 9 11 13 15
3 5 6 9 10 13 15
3 5 7 8 11 13 15
2 5 7 9 10 12 15
3 4 6 9 11 13 15
3 5 7 8 11 13 15
3 4 7 9 10 13 14
3 5 6 9 11 13 15
3 5 7 9 10 13 15
2 5 7 8 10 13 14
3 5 6 9 11 13 15
3 5 6 9 11 13 15
3 4 6 9 10 13 15
3 5 6 8 11 13 14
2 5 7 9 10 13 14
3 5 7 9 10 13 15
2 5 6 9 11 13 15
3 5 6 9 11 13 15
3 4 7 9 11 13 15
3 5 7 9 11 12 15
2 4 7 8 11 13 14
3 5 6 8 11 13 15
3 5 6 9 11 13 15
3 5 6 9 10 13 15
3 5 7 8 11 13 15
3 4 6 8 11 13 15
3 5 6 9 10 13 15
3 5 6 9 10 13 15
3 5 7 8 10 13 15
3 4 7 9 11 12 15
3 5 7 9 10 13 15
3 5 7 9 11 13 15
3 4 7 9 11 12 15
3 5 7 9 11 13 15
2 5 7 9 10 13 14
3 4 7 8 10 13 14
3 5 7 9 11 13 15
2 4 7 9 10 12 15
3 5 6 9 10 12 15
3 4 7 8 10 13 14
3 4 7 8 10 13 14
3 4 7 9 11 13 15
3 4 7 9 11 12 15
2 4 7 9 10 13 14
3 5 7 9 10 13 15
3 4 7 8 10 13 14
2 5 6 9 10 13 15
3 5 7 9 10 13 14
2 4 7 9 10 13 15
3 4 7 9 11 12 15
3 5 7 9 11 13 15
3 5 6 9 10 13 15
3 4 7 9 11 12 15
3 4 7 9 10 13 15
3 5 7 9 10 13 14
3 5 7 9 10 13 15
3 4 7 8 10 13 14
3 5 6 9 10 13 15
3 4 6 8 10 13 14
2 5 7 9 10 13 14
3 4 7 9 10 13 15
3 4 7 8 10 13 14
3 5 6 9 11 13 15
3 4 7 9 10 13 15
3 4 7 8 10 13 14
3 5 6 8 10 13 15
2 4 7 9 10 13 14
2 5 7 9 10 13 14
3 4 7 9 10 13 15
3 5 7 8 10 13 14
3 5 6 9 10 13 15
3 5 7 9 10 13 15
3 5 7 9 11 13 15
3 4 7 8 11 13 14
3 5 7 9 10 13 15
3 4 7 8 10 13 14
3 4 7 8 10 13 14
3 5 6 9 10 13 15
3 5 6 8 10 13 15
3 5 7 8 11 13 15
3 5 7 9 11 13 15
3 4 7 9 10 13 15
3 4 7 8 10 13 14
3 4 7 8 11 12 15
3 5 7 9 11 13 15
3 4 7 8 11 12 15
3 4 7 9 11 12 15
3 4 7 9 10 12 15
3 5 7 9 11 13 15
3 5 7 8 11 13 14
3 5 6 9 10 13 15
3 5 7 9 10 13 15
3 4 7 8 10 13 14
3 5 6 9 11 12 15
3 5 7 8 11 13 15
2 4 7 8 10 12 14
2 5 7 8 11 13 15
3 4 6 9 10 13 15
3 5 7 9 11 12 15
3 4 7 8 10 13 14
2 4 7 9 10 13 14
3 5 7 8 11 13 15
3 5 6 9 10 13 15
3 4 6 9 10 13 15
3 5 7 8 11 13 15
3 4 7 9 11 12 15
3 4 7 8 10 13 14
3 5 7 9 10 12 15
3 4 7 9 11 12 15
3 5 7 9 10 13 14
3 4 7 9 11 13 14
3 5 6 9 10 13 15
3 5 6 9 10 13 15
3 4 7 8 10 13 15
3 4 6 9 11 13 15
3 5 7 9 10 13 14
2 5 7 9 10 13 14
3 5 7 8 10 13 15
3 5 7 8 11 13 15
2 5 6 9 10 13 14
3 5 7 8 10 13 15
3 5 7 8 11 13 15
3 5 7 9 10 13 14
3 5 7 9 10 12 15
3 5 6 9 10 13 15
3 5 6 9 10 13 15
2 5 7 8 10 13 14
3 5 7 8 11 13 15
3 4 7 8 11 12 15
2 4 7 9 10 13 14
3 5 7 8 10 13 15
2 5 7 9 10 13 15
3 5 6 9 10 13 15
2 5 6 9 11 13 15
3 4 7 8 10 13 14
3 5 6 9 10 13 14
3 5 6 8 11 13 15
3 5 6 9 11 13 15
3 4 7 9 10 13 15
3 5 7 9 11 13 15
3 5 6 9 11 13 15
2 5 7 9 10 13 15
3 4 7 8 11 13 14
3 4 7 9 10 12 15
3 5 7 9 10 13 15
3 5 7 9 10 13 14
3 4 7 9 10 13 15
3 5 6 9 11 13 15
3 5 7 8 10 13 15
3 5 6 9 11 13 15
3 5 7 9 10 13 15
3 5 7 9 11 13 15
3 5 6 9 10 13 15
2 5 7 9 10 13 14
3 5 6 9 10 13 15
3 5 7 9 11 13 15
3 5 7 9 11 12 15
3 5 7 9 11 13 14
3 5 7 8 11 13 15
3 5 7 8 11 13 15
3 5 6 9 11 13 15
3 5 6 9 11 13 15
3 4 7 8 10 13 14
2 5 6 9 10 13 15
3 5 7 9 11 12 15
3 4 7 8 10 12 15
3 5 7 9 11 13 15
3 5 7 9 10 13 15
3 5 7 8 10 13 15
3 4 7 9 11 12 15
3 5 7 9 11 13 15
3 4 7 8 10 13 14
2 5 7 9 10 13 14
3 5 6 9 11 13 15
3 4 7 9 11 12 15
3 4 7 8 10 13 14
3 5 7 9 10 13 15
3 5 7 9 10 13 15
2 5 7 9 11 12 15
3 5 6 9 11 13 15
3 5 7 9 11 13 15
3 5 7 9 10 13 15
3 5 6 9 11 13 15
3 4 7 8 10 13 14
3 4 6 9 11 13 15
3 5 6 9 10 13 15
3 5 7 9 10 13 15
3 4 7 9 11 13 15
2 5 7 9 10 13 14
3 4 7 9 10 13 15
3 5 7 9 11 13 15
3 5 7 8 11 13 15
3 4 7 9 10 13 14
3 5 7 9 10 13 14
3 5 7 9 11 13 15
3 5 6 8 10 13 15
2 5 7 9 10 13 14
3 5 6 9 11 13 15
2 5 7 9 11 13 14
3 5 7 9 10 13 15
2 5 7 9 11 13 14
3 4 7 9 11 13 15
3 5 6 9 10 13 15
3 4 7 9 10 13 15
3 4 6 8 10 13 14
3 4 6 9 10 13 15
3 5 6 9 10 12 15
3 5 6 9 10 13 15
3 4 7 9 10 13 15
3 4 7 9 10 13 15
3 5 7 9 11 13 15
3 5 6 9 11 13 15
3 4 7 9 11 12 15
3 4 7 8 11 13 15
3 5 7 9 10 13 15
2 4 7 9 10 13 15
3 4 7 9 11 12 15
3 4 7 9 11 12 15
3 5 7 9 11 13 15
3 5 7 8 10 13 14
3 5 7 9 10 13 15
2 5 7 9 10 13 14
3 4 7 9 11 12 15
3 4 7 8 10 13 14
2 4 7 9 11 12 15
3 5 6 9 10 12 15
3 4 7 9 10 13 15
3 5 7 8 11 13 15
2 5 7 9 10 13 15
3 4 6 9 10 13 14
3 5 7 9 11 13 15
3 5 7 8 11 13 15
2 5 7 9 10 13 15
3 5 7 9 11 12 15
3 5 6 9 11 12 15
3 4 7 9 10 12 15
2 5 7 9 10 13 14
3 4 7 9 10 13 15
3 5 7 9 11 13 15
2 5 7 9 10 13 14
2 5 7 9 10 13 14
3 5 7 9 10 13 15
3 4 7 9 11 12 15
3 5 7 8 11 13 15
2 4 7 9 10 13 14
2 5 7 9 10 13 14
3 5 6 9 11 13 15
3 5 7 9 11 13 15
3 5 7 9 11 13 15
2 5 7 9 10 13 14
2 5 7 9 10 13 14
3 4 7 8 10 13 14
3 5 6 9 11 13 15
2 5 7 9 10 13 14
3 5 7 9 11 12 15
2 5 7 9 11 13 14
3 5 7 9 10 13 15
3 5 7 8 11 13 15
3 5 7 8 10 13 14
3 5 6 9 11 13 15
3 5 7 8 11 13 15
3 5 6 9 10 12 15
3 4 7 9 10 12 14
3 4 7 9 10 13 15
3 5 6 9 10 13 15
3 5 7 8 11 13 15
3 5 7 9 11 13 15
3 4 7 8 11 12 15
3 5 7 9 10 13 15
3 5 6 9 10 13 15
3 5 7 8 10 13 14
3 4 7 9 11 12 15
3 4 7 9 11 12 15
3 4 7 9 11 12 15
2 4 7 9 10 13 14
3 5 6 9 11 13 15
2 4 7 8 10 13 14
3 5 7 9 11 13 15
3 5 7 9 11 13 15
3 4 6 9 11 13 15
3 4 6 9 10 12 14
2 4 7 9 10 13 14
3 4 7 8 10 13 14
3 5 7 9 10 13 15
3 5 6 8 11 13 15
3 5 7 9 11 12 15
3 4 7 8 11 12 14
3 5 7 8 10 13 14
3 5 7 9 10 12 15
3 4 7 9 10 13 14
3 5 6 8 10 13 15
3 5 6 8 11 13 15
3 4 7 9 10 13 15
3 5 7 9 10 12 15
3 4 7 8 11 13 14
3 5 6 9 11 13 15
3 4 7 9 11 13 15
3 4 7 8 10 12 14
3 5 7 8 10 13 14
3 5 6 9 11 13 15
3 5 7 9 11 13 15
2 5 7 9 10 13 14
3 5 7 8 11 13 15
3 4 6 8 10 13 14
3 4 7 9 10 13 15
2 5 7 9 10 13 14
3 4 7 9 11 12 14
3 4 7 8 10 13 14
3 5 6 9 11 13 15
3 5 7 9 10 13 15
3 5 6 9 10 13 15
3 5 7 9 11 13 15
3 5 6 9 11 13 15
3 4 7 9 11 12 15
3 5 7 8 11 13 15
2 4 7 9 10 13 14
2 5 7 9 10 13 14
3 5 6 9 10 13 15
2 5 7 9 10 13 14
2 5 7 9 11 13 14
3 5 7 9 11 13 15
2 5 7 8 11 13 15
3 5 6 9 11 13 15
2 5 7 9 10 13 14
3 5 7 8 11 13 15
2 5 7 9 10 13 15
3 5 6 9 11 13 15
2 4 7 8 10 13 14
2 5 7 8 11 13 15
2 4 7 9 11 12 15
2 5 7 9 10 13 14
3 5 7 9 10 13 15
2 5 7 9 11 13 14
3 4 7 8 10 13 14
3 5 6 9 11 13 14
2 4 7 9 11 13 15
3 5 7 9 11 13 15
3 5 7 8 10 13 15
3 5 7 9 10 13 15
3 5 7 9 10 13 15
3 5 6 8 11 13 15
3 4 7 8 10 13 14
2 5 7 9 10 13 15
3 5 7 9 10 13 14
3 4 7 9 10 13 15
3 5 6 9 11 13 15
3 5 7 9 10 13 15
3 5 7 9 11 12 15
3 4 7 8 10 13 15
3 4 7 9 10 13 15
3 4 7 9 10 13 14
2 5 7 9 10 13 14
3 4 7 8 10 13 14
3 5 7 8 11 13 15
3 4 7 9 11 12 15
2 5 6 9 11 13 15
3 4 7 9 11 12 14
3 5 6 9 10 13 15
3 5 6 9 11 13 14
3 5 7 9 11 13 15
3 5 7 9 11 13 15
3 5 6 9 11 13 15
3 4 7 9 10 13 15
3 4 7 9 10 13 14
3 4 6 8 10 13 14
3 4 7 9 11 12 15
2 5 7 9 10 13 14
3 4 7 9 10 13 15
3 4 7 9 11 12 15
3 5 7 8 10 13 15
3 5 6 9 11 13 15
3 4 7 8 10 13 14
3 5 6 9 10 12 15
3 4 7 9 11 12 15
2 5 6 9 11 13 15
3 4 7 8 10 13 15
3 4 7 8 11 13 15
3 4 7 9 11 12 15
3 5 7 8 11 13 15
3 4 6 9 10 13 15
3 5 6 9 10 13 15
3 5 7 8 11 13 15
3 5 7 8 11 13 15
3 5 6 9 11 13 15
3 4 7 9 11 12 15
3 5 6 8 11 13 15
3 5 6 9 11 13 14
3 5 7 9 11 13 15
2 5 7 9 10 13 14
3 4 7 9 10 13 15
3 5 7 9 10 13 15
3 5 6 9 10 13 15
3 4 7 8 10 13 14
3 4 7 9 10 13 15
3 4 7 9 11 13 15
3 5 7 9 10 13 15
2 5 7 9 11 13 15
2 5 7 9 10 13 14
3 5 6 9 11 13 15
3 4 7 9 11 13 15
3 5 7 9 11 13 14
3 4 7 8 11 13 15
3 4 7 8 10 13 14
3 4 7 9 10 13 15
2 5 7 9 10 13 14
3 5 6 8 11 13 15
2 5 7 9 10 13 14
2 5 7 9 10 13 14
3 4 7 9 10 12 15
2 5 7 9 10 12 14
2 4 6 9 10 13 15
3 5 6 9 10 13 15
3 4 6 8 11 13 15
2 5 7 9 10 13 14
3 5 6 8 11 13 15
3 4 7 9 11 12 15
3 5 7 9 11 13 15
3 5 7 8 11 13 15
3 5 7 9 11 13 15
3 4 7 9 11 12 15
3 5 6 9 11 13 15
2 5 7 8 11 13 15
3 5 6 8 11 13 15
3 4 7 9 11 12 15
3 4 7 8 10 12 14
2 5 6 9 10 13 14
2 4 7 8 10 13 14
3 5 7 9 11 13 15
3 5 6 9 10 13 14
3 5 7 9 10 13 15
3 4 6 9 11 12 15
3 4 7 9 10 13 14
2 5 7 9 10 13 15
3 4 6 8 11 12 15
3 5 7 8 11 13 15
3 4 7 8 10 13 14
3 5 7 8 11 13 15
3 4 7 9 10 13 15
3 5 7 8 10 13 14
3 4 7 9 11 13 15
3 5 6 9 11 13 15
2 4 7 9 10 13 14
3 4 7 9 10 12 15
2 5 7 9 10 13 14
3 4 7 9 10 13 15
3 4 7 9 10 13 15
3 5 6 9 11 13 15
3 5 6 9 11 13 15
3 5 7 8 11 13 15
3 4 7 9 10 12 15
3 4 7 9 11 12 15
3 4 7 9 11 12 15
2 5 7 9 10 13 14
3 5 7 8 10 12 14
3 5 7 9 10 13 15
3 4 6 9 11 13 15
3 4 7 9 11 12 15
3 5 6 9 11 13 14
3 5 6 9 10 13 15
2 5 7 8 10 13 14
3 5 7 8 11 13 15
3 5 6 8 11 13 15
3 5 7 9 11 13 15
3 4 6 9 11 13 15
3 4 7 9 11 12 15
2 5 6 9 10 13 14
3 5 6 8 11 12 15
3 5 6 9 11 12 15
3 5 6 9 10 13 15
2 5 7 9 10 13 15
3 4 6 8 10 13 14
3 4 7 8 10 13 14
3 5 7 9 10 13 15
3 5 7 8 11 12 15
3 4 7 9 11 12 15
3 4 6 9 11 12 15
3 5 7 9 10 13 15
3 5 7 9 11 13 15
3 5 7 9 11 13 15
3 4 7 9 10 13 15
3 5 7 9 11 13 15
3 5 7 8 11 13 15
3 5 6 9 10 12 15
3 5 6 8 11 12 15
3 4 7 9 10 13 15
3 4 7 8 11 12 15
3 5 6 9 11 13 15
3 4 7 9 10 13 14
3 5 6 9 10 13 15
3 5 6 9 10 13 15
3 5 6 9 11 13 15
3 5 7 9 11 13 15
3 5 6 9 10 12 15
3 5 7 9 11 13 15
3 5 7 8 11 13 15
3 5 6 9 11 13 15
3 5 6 9 11 13 15
3 5 7 9 11 13 15
3 5 7 9 11 13 14
3 5 7 8 11 13 15
3 4 7 9 10 13 15
3 4 7 9 11 12 15
3 4 7 9 10 13 14
3 5 7 9 11 13 15
3 4 6 9 10 13 15
3 4 7 9 10 13 15
3 4 6 9 10 12 15
3 4 7 9 11 13 15
3 5 6 9 11 13 15
3 4 7 9 11 13 15
3 4 7 8 10 13 14
2 4 7 9 10 13 15
2 5 7 9 10 13 14
3 5 7 9 11 13 15
3 5 7 9 11 13 15
3 5 7 9 11 13 15
2 5 6 9 11 13 15
3 5 7 8 11 13 15
3 5 7 9 11 13 15
2 5 6 9 10 13 14
3 5 6 9 11 12 15
3 5 7 8 10 13 15
3 5 7 9 10 13 15
3 5 6 9 10 13 15
2 5 7 9 10 13 14
3 5 7 9 10 13 15
3 4 7 9 10 13 15
3 5 6 9 11 13 15
2 5 7 9 10 13 14
3 4 7 9 10 12 15
3 5 7 8 11 13 15
2 5 7 9 10 13 14
3 5 6 9 10 13 15
3 5 6 9 11 13 15
3 5 7 8 11 13 15
3 4 7 9 10 13 15
2 5 7 8 10 13 15
2 4 7 9 11 12 15
3 4 6 9 10 12 15
3 4 7 9 10 13 15
3 5 6 9 11 13 15
3 5 6 9 11 13 15
3 5 7 9 10 13 15
3 5 7 8 11 13 15
3 5 6 9 10 13 15
3 4 7 9 10 12 15
2 5 7 9 10 13 14
3 4 7 9 11 13 15
2 4 7 8 11 13 15
3 5 7 9 10 13 15
3 5 6 9 11 13 15
3 5 7 9 11 13 14
3 4 6 9 10 12 15
3 5 7 8 11 13 15
3 4 7 8 10 13 14
3 5 7 9 10 12 15
2 5 7 9 10 13 14
3 5 6 8 10 13 14
3 4 7 9 11 12 15
3 5 7 8 11 13 15
3 4 6 8 11 13 14
3 4 7 9 10 13 15
2 5 7 9 11 13 15
3 5 6 9 10 13 14
3 5 6 8 11 13 15
3 5 7 8 11 12 15
3 5 7 8 11 13 15
2 5 7 9 11 13 15
3 5 7 9 10 12 15
3 5 7 9 10 13 15
3 4 7 9 11 13 15
3 4 6 9 11 12 15
3 5 7 8 10 13 15
3 5 7 9 11 13 15
3 5 7 8 11 13 15
3 4 7 9 10 13 15
3 4 7 8 10 13 14
2 5 7 9 10 13 15
3 4 7 9 10 13 14
3 4 7 9 11 12 15
3 4 7 8 11 12 15
3 4 7 9 10 12 14
3 4 7 9 10 13 15
3 5 6 9 10 13 15
3 5 6 8 11 13 15
3 4 7 9 11 12 15
2 5 6 9 10 13 14
3 4 7 9 10 13 15
3 4 7 8 11 12 14
3 4 7 8 10 13 14
3 4 7 9 11 12 14
3 4 7 9 11 12 15
3 5 6 9 10 13 15
3 4 6 9 10 13 15
2 5 7 9 10 13 15
3 5 7 9 10 13 15
3 5 7 9 10 13 14
3 4 7 8 10 13 14
3 5 7 9 11 13 15
2 4 7 9 11 12 15
3 5 7 8 11 13 15
3 4 7 9 10 13 14
3 5 7 9 10 13 15
3 4 7 9 11 13 15
3 5 7 9 11 13 15
3 5 7 8 11 13 15
3 4 7 9 10 13 15
3 5 7 9 11 13 15
3 5 7 9 11 13 14
2 5 7 9 10 13 15
2 5 7 9 10 13 14
3 5 7 9 10 13 15
2 4 7 9 10 13 14
3 4 7 8 10 13 14
3 4 7 9 10 13 15
3 4 7 9 10 13 15
3 5 6 9 11 13 15
3 5 6 9 11 13 15
3 5 7 9 11 13 15
3 5 7 8 11 13 15
3 4 7 9 10 13 14
3 4 7 8 11 13 15
3 5 7 8 10 13 14
3 5 6 9 11 13 15
3 4 7 9 10 13 15
3 5 7 8 11 12 15
3 4 7 9 10 13 15
3 5 7 8 11 12 15
3 5 7 9 11 13 15
2 5 6 9 11 13 15
3 4 6 9 11 12 15
3 4 7 9 10 13 15
3 4 7 9 10 13 15
3 5 7 9 10 13 15
3 5 7 8 11 13 15
3 5 7 9 10 13 15
3 4 7 9 10 13 15
2 5 7 9 11 13 15
3 5 6 9 11 13 14
3 4 7 9 10 13 14
3 5 6 9 11 13 15
3 5 6 9 11 13 15
2 5 7 8 11 13 15
3 5 6 8 11 13 15
3 4 7 9 10 13 15
3 5 6 9 11 13 15
3 5 6 9 10 13 15
3 5 7 9 11 13 15
3 5 6 9 10 12 14
3 5 7 8 11 13 15
3 5 7 8 11 13 15
3 5 7 8 11 13 15
3 5 7 8 11 12 15
3 5 7 8 11 13 15
3 4 7 9 11 12 15
3 5 6 9 11 13 15
3 4 7 9 11 13 14
3 5 7 9 11 13 15
3 5 7 8 11 13 15
3 5 7 8 11 13 15
3 5 6 9 10 13 15
2 5 7 9 10 13 15
2 5 7 9 11 13 14
2 5 7 9 10 13 14
3 4 7 8 11 12 15
3 5 7 9 10 13 14
3 5 7 9 10 13 15
3 4 7 9 10 13 15
3 4 7 9 10 13 15
3 4 7 9 10 12 15
3 5 7 9 11 12 15
3 5 7 9 11 13 14
3 4 7 9 10 13 15
3 5 6 9 10 13 14
3 5 7 9 10 12 15
3 5 6 9 11 13 15
2 5 7 9 10 13 15
3 5 7 8 11 13 15
3 5 7 9 11 13 15
3 4 7 9 11 12 15
3 4 7 8 10 13 14
3 4 7 9 11 13 15
3 5 7 8 10 13 15
3 4 6 9 10 12 14
3 5 7 9 11 13 15
3 5 7 9 11 13 15
3 5 6 9 11 13 15
3 5 7 8 11 13 15
3 5 6 9 11 13 15
2 4 7 8 10 13 14
3 5 6 9 10 13 14
3 5 6 8 10 13 15
3 5 7 8 11 13 15
2 5 7 8 10 13 14
3 5 7 9 11 13 15
3 5 6 9 11 13 15
3 4 7 8 10 12 14
3 4 7 9 11 13 15
3 5 7 9 11 12 15
3 4 7 9 11 12 14
3 5 6 8 11 13 15
3 4 7 8 10 13 14
3 5 7 9 11 12 15
3 4 7 8 10 13 14
3 5 7 8 11 13 15
2 5 6 9 10 13 15
3 5 7 8 11 13 15
3 5 6 9 10 13 15
3 5 7 9 11 12 15
3 5 7 8 11 13 15
3 4 6 9 11 13 15
3 5 7 9 10 13 15
3 5 6 9 10 12 14
3 5 7 9 10 13 15
3 5 6 9 11 13 15
3 4 7 9 11 12 15
3 5 6 9 10 13 15
3 5 7 9 10 13 15
3 4 7 9 10 13 15
2 4 7 8 10 13 14
2 4 7 9 10 12 15
3 4 7 9 10 13 14
3 5 7 9 11 13 15
2 4 7 8 10 13 15
3 5 7 9 10 13 15
3 4 7 9 11 13 15
3 5 7 8 11 13 15
3 5 7 9 11 13 15
3 4 7 9 10 13 15
3 5 7 8 10 13 15
3 5 7 8 10 13 14
3 5 7 9 10 13 15
2 5 6 9 10 12 15
3 5 7 9 10 13 14
2 5 7 8 11 13 15
3 4 7 9 11 12 15
2 5 7 9 10 13 14
3 4 7 9 10 13 15
3 5 7 9 11 13 15
3 5 6 8 11 13 15
3 5 6 8 10 13 14
3 5 7 9 11 12 15
3 4 6 9 11 13 15
2 4 7 9 11 12 15
2 4 6 9 11 13 15
2 5 7 9 10 13 14
3 4 7 9 10 13 14
3 5 6 9 10 13 15
3 4 7 9 11 12 15
3 5 7 8 11 13 15
3 4 7 8 10 13 14
3 5 6 9 10 13 15
2 5 7 9 10 13 14
3 4 7 9 10 13 15
3 4 7 9 11 13 15
2 5 7 9 10 13 14
3 5 6 9 10 13 15
3 4 6 9 10 13 14
3 5 7 9 10 13 15
3 5 7 8 11 12 15
3 5 7 9 11 13 15
3 5 6 9 10 13 15
3 5 7 9 10 13 15
3 4 7 9 11 12 15
2 5 7 9 11 13 15
3 5 6 9 11 13 15
3 4 7 9 10 13 15
3 4 7 8 11 13 14
3 5 7 8 11 13 15
3 4 7 8 10 13 14
3 5 6 9 10 13 15
3 4 6 9 10 13 15
3 4 7 8 10 13 14
3 4 7 9 10 13 15
3 5 6 8 11 12 15
3 5 7 9 11 13 15
3 5 7 9 10 13 15
3 5 7 9 11 13 15
3 4 6 9 11 13 15
2 4 6 9 10 13 14
3 5 7 9 11 13 15
3 5 7 9 11 13 15
3 4 7 8 10 13 15
3 4 7 8 10 13 15
3 5 6 9 11 13 15
3 5 7 9 10 13 15
3 5 7 9 11 13 15
3 5 6 9 11 13 15
2 5 7 9 10 13 14
3 5 6 9 11 13 15
3 4 6 8 10 12 15
2 5 7 8 11 13 15
3 4 7 9 11 12 14
3 5 7 8 11 13 15
3 5 7 9 11 13 15
3 4 7 9 11 12 15
3 5 7 8 10 13 14
3 5 6 9 11 13 15
3 5 6 9 11 13 15
2 5 7 9 10 13 14
3 5 7 9 10 12 15
3 5 7 9 10 13 15
2 5 7 9 11 13 14
3 4 6 8 11 13 14
3 5 6 9 10 13 15
3 4 7 9 11 13 15
3 4 6 9 10 13 15
3 5 6 9 10 13 14
3 5 6 9 10 13 15
3 4 7 9 10 13 15
3 5 7 8 11 13 15
3 4 7 8 11 13 15
3 5 7 8 11 13 15
3 5 7 8 11 13 15
2 5 7 9 10 12 14
3 4 7 9 11 12 15
3 5 7 9 10 13 15
3 4 7 9 11 12 15
3 5 7 8 11 13 14
3 5 6 9 10 13 15
3 5 6 9 10 13 15
3 5 7 9 11 13 15
3 5 7 8 11 13 15
2 5 6 9 11 13 15
3 4 6 9 11 13 14
3 4 7 9 11 12 14
3 5 7 8 11 13 15
2 5 7 9 10 13 15
3 5 6 9 10 13 15
2 5 7 8 10 13 14
3 5 6 9 10 13 14
3 5 7 9 11 13 15
3 4 7 9 10 13 15
3 5 6 9 11 13 15
3 5 7 9 11 13 15
3 5 6 9 10 13 15
3 4 7 9 10 13 14
3 5 7 9 11 12 15
3 4 7 9 11 12 15
2 5 7 8 11 13 15
3 5 6 9 11 13 15
3 5 7 8 10 13 14
3 5 6 8 11 13 15
3 4 7 9 10 12 15
3 5 7 9 11 13 15
3 5 7 9 10 13 15
2 5 7 9 10 13 15
3 5 7 9 10 12 15
3 5 6 9 11 13 15
3 4 7 8 10 12 14
3 5 7 8 11 13 15
3 5 7 9 10 13 15
2 5 7 9 10 13 14
3 4 6 8 10 13 15
3 4 7 8 11 12 15
3 5 7 8 11 13 15
3 5 6 9 11 13 14
2 4 7 9 10 13 14
3 5 6 9 11 13 15
3 5 7 9 10 13 15
3 4 7 9 11 12 15
3 4 7 8 10 13 14
2 5 6 9 11 13 14
3 5 7 9 11 13 15
3 4 7 9 11 13 15
3 5 6 9 10 13 15
2 5 7 9 11 13 15
3 5 6 9 10 13 15
3 4 7 9 11 12 15
3 4 7 9 10 13 15
2 5 7 8 11 13 15
2 4 7 8 10 13 14
3 5 6 8 10 13 14
3 5 7 9 10 13 15
3 5 6 9 11 13 14
3 5 7 9 11 13 15
3 5 7 8 11 13 15
3 5 7 9 11 13 15
3 5 7 9 10 13 14
3 5 6 9 11 13 15
2 4 7 8 10 13 14
2 4 7 8 10 13 14
2 5 6 9 10 13 14
3 5 7 8 11 13 15
3 4 6 9 10 13 15
2 4 7 9 10 13 14
3 4 7 8 10 13 14
3 4 6 9 11 12 15
3 5 7 9 11 13 15
3 4 7 9 10 12 15
3 5 7 9 11 13 15
3 5 7 9 11 12 15
3 5 6 9 10 13 15
3 4 7 9 10 13 15
2 4 7 9 11 12 15
2 4 7 9 10 13 14
3 4 7 9 11 12 15
3 4 7 8 10 13 15
2 5 7 9 10 13 14
3 5 7 8 11 13 14
3 5 6 9 11 13 15
3 4 7 9 10 13 15
2 5 7 9 10 13 14
2 4 7 9 10 13 14
2 5 7 8 10 13 14
3 5 7 9 10 13 15
3 4 7 9 10 12 14
3 4 7 9 11 12 15
3 4 7 9 11 12 14
2 4 7 8 10 13 15
3 5 7 8 11 13 15
3 5 7 9 10 13 14
3 5 6 8 11 13 15
3 4 7 9 10 12 15
2 5 6 9 11 13 15
3 4 7 9 10 13 14
3 5 7 8 11 13 15
3 5 6 9 10 13 15
3 5 6 9 10 12 15
2 5 7 9 11 13 15
3 5 7 9 10 13 15
3 4 7 9 11 13 15
3 4 7 9 11 12 15
3 5 7 9 10 13 15
3 5 7 9 11 13 15
3 4 7 9 11 13 15
3 5 6 9 11 13 14
3 5 6 9 10 13 15
3 5 6 9 11 13 15
3 5 7 9 10 12 15
3 5 6 9 11 13 15
3 5 7 9 11 13 15
3 4 7 9 11 12 14
2 5 6 9 10 13 14
2 4 7 9 11 13 15
3 5 7 8 11 13 15
3 5 7 8 10 12 15
3 5 6 9 10 13 15
3 5 7 9 11 13 15
3 5 7 8 11 13 15
3 4 6 9 10 13 15
3 5 6 9 10 13 15
3 4 7 8 11 12 15
2 5 7 9 11 13 14
3 4 7 9 11 12 14
3 5 6 9 11 13 15
2 4 7 9 10 13 14
3 4 6 9 10 13 15
3 5 7 8 10 13 15
3 5 7 9 11 13 15
3 5 7 9 11 13 15
2 5 7 9 10 13 14
3 4 7 8 10 13 14
3 5 7 8 11 13 15
3 5 6 9 10 13 15
3 5 6 9 11 12 15
3 4 7 8 11 12 15
3 4 7 8 10 13 14
3 5 6 9 11 12 15
3 4 7 9 10 13 15
3 4 7 8 10 13 14
3 4 7 9 10 13 15
2 5 7 8 11 13 14
3 5 6 9 11 12 15
3 4 7 8 10 13 14
3 5 6 9 10 13 15
3 4 7 9 11 12 15
3 5 6 9 11 13 15
3 5 6 9 11 13 15
3 5 7 9 11 12 15
3 4 7 8 10 13 15
3 4 7 9 11 13 15
3 4 6 9 10 13 15
2 4 7 9 11 13 14
3 4 7 8 10 13 14
3 5 7 9 10 12 15
3 5 7 8 11 13 15
3 4 7 8 10 13 14
3 5 7 8 11 13 15
3 4 7 8 10 13 14
3 5 7 9 10 13 15
3 5 6 9 11 13 15
2 5 6 9 10 13 14
3 5 7 9 10 12 14
3 4 7 8 11 12 15
3 4 7 9 10 13 15
3 4 7 9 11 12 15
3 5 7 8 11 12 15
3 5 7 8 11 13 15
3 5 7 9 10 13 15
3 4 7 9 11 13 15
3 5 7 9 11 13 15
3 5 7 8 11 13 15
3 5 7 9 10 13 14
3 4 7 8 11 13 15
3 5 7 9 11 13 15
3 4 7 8 10 13 14
3 5 6 9 11 13 15
3 5 7 9 10 13 15
2 4 7 9 10 13 14
3 4 7 9 11 12 15
3 5 7 9 10 13 14
3 4 7 9 11 12 15
3 5 7 9 10 13 15
3 4 7 8 10 13 14
3 5 7 9 11 13 15
3 5 6 9 11 13 15
3 4 6 8 10 13 14
3 4 7 8 10 12 14
3 5 7 9 10 13 15
3 5 7 9 10 13 15
3 5 7 8 11 13 15
3 5 7 9 10 13 15
3 5 6 9 10 13 14
3 4 7 9 11 12 15
3 5 7 9 10 13 15
3 4 6 9 10 13 15
3 5 6 9 11 13 15
3 5 7 9 11 13 15
3 5 7 8 11 13 15
3 5 6 9 11 13 15
3 4 7 8 10 13 14
3 5 7 9 10 13 15
2 5 6 8 11 13 15
2 5 7 9 10 13 15
3 5 7 9 11 13 15
3 5 6 9 11 13 15
3 5 7 8 11 13 15
3 4 7 8 10 13 14
3 4 6 9 11 12 15
3 5 7 9 10 13 15
2 5 7 9 10 13 14
3 4 7 9 10 13 15
3 5 6 9 10 13 15
3 4 6 9 10 13 15
3 5 6 9 11 12 15
3 5 7 9 11 12 15
3 4 7 9 11 12 15
3 5 7 8 11 13 15
3 5 7 8 11 13 15
3 5 7 9 11 13 15
3 5 7 9 11 12 15
3 5 7 9 10 13 14
3 4 7 9 10 13 15
3 5 7 8 11 13 15
3 5 7 9 10 12 15
2 5 7 9 10 13 14
3 5 6 9 11 13 15
3 5 6 9 11 13 15
3 5 7 8 11 13 15
3 4 7 9 11 13 15
3 5 6 8 10 13 15
3 4 7 8 11 13 15
3 5 7 9 10 12 15
3 5 6 9 11 13 15
2 5 7 9 11 13 14
3 4 7 9 11 13 15
3 5 7 9 11 13 15
3 5 7 8 10 13 14
3 5 6 9 10 13 15
3 5 6 9 11 12 15
3 5 7 8 11 13 15
2 4 7 8 10 13 15
3 4 7 9 11 12 15
2 5 6 8 10 13 14
2 5 7 8 11 13 15
3 5 6 9 10 12 15
3 4 7 8 11 12 15
2 5 6 9 10 13 15
3 5 7 8 11 13 15
2 5 7 8 10 12 15
3 5 7 8 11 13 15
3 5 6 9 11 13 15
2 5 6 9 10 13 14
3 5 6 9 11 13 15
3 5 6 9 11 13 15
3 5 7 9 11 13 15
3 5 7 8 11 13 15
3 5 6 8 10 13 15
3 4 6 9 10 13 15
3 5 6 9 10 13 15
2 5 7 9 10 13 14
3 5 7 9 11 13 15
3 5 6 9 10 12 15
3 5 6 9 11 13 14
2 4 7 9 10 13 15
3 5 6 9 10 13 14
3 4 7 8 10 12 14
2 5 6 9 11 13 15
2 4 7 8 11 13 15
3 5 7 8 11 12 15
3 5 7 9 11 13 14
3 5 7 8 10 12 14
3 4 7 9 11 13 15
