2 3 5 8 10 11 13 15 17 19 22 24 25 27 29 31 33
2 3 6 7 9 11 14 16 18 19 21 23 25 27 30 32 34
1 3 5 8 10 12 13 15 18 20 22 24 26 27 30 31 33
1 3 5 8 10 12 13 15 17 20 22 24 26 28 29 31 33
2 6 7 9 11 14 16 18 19 22 23 25 27 30 32 34
1 3 6 7 9 11 14 16 18 20 21 24 25 27 30 33
2 3 6 7 9 11 14 16 18 19 23 25 27 30 31 34
2 4 5 8 10 11 14 15 17 19 22 24 26 27 30 31 33
1 4 5 8 12 13 15 17 19 22 23 26 29 31 33
1 6 7 9 11 13 15 18 20 22 23 27 34
2 4 5 8 10 12 13 15 17 20 22 24 26 28 29 31 33
1 4 6 7 9 12 13 16 18 19 22 24 26 27 29 31 34
1 4 5 8 10 12 13 15 17 19 21 24 26 27 29 31 33
2 3 5 8 10 11 13 15 18 19 21 24 25 27 30 33
2 4 6 7 9 11 14 16 18 20 22 23 25 27 30 31 34
2 4 5 8 10 11 13 15 17 19 22 23 26 27 29 33
1 4 6 8 9 11 13 16 18 19 21 24 26 27 30 31 33
2 27 34
8 10 12 13 15 17 19 22 24 25 28 29 31 33
1 4 6 7 9 11 14 16 18 19 22 23 25 27 30 32 34
1 4 5 8 10 11 13 15 17 19 22 26 27 30 31 33
1 3 5 8 10 12 13 15 17 20 21 24 26 28 29 33
1 6 7 9 11 14 16 18 19 22 23 27 30 31 34
2 4 5 8 10 12 13 15 17 20 22 24 26 28 29 33
2 4 6 7 9 11 14 16 18 19 22 23 25 27 30 32 34
3 5 9 11 14 16 18 20 21 24 25 27 30 32 33
1 3 5 8 10 12 13 15 17 20 22 24 26 28 33
2 3 6 7 9 11 14 16 18 19 21 23 25 27 30 31 34
2 4 5 8 10 12 13 15 17 19 22 24 25 28 29 31 33
2 6 7 9 11 14 16 18 19 22 23 25 27 30 31 34
2 4 5 8 10 11 13 17 19 21 24 26 28 29 31 33
1 5 8 10 12 13 15 17 20 24 26 28 29 33
2 4 6 7 9 11 14 16 18 20 22 23 25 27 30 31 34
2 3 5 8 9 11 14 16 18 20 21 24 26 28 29 33
2 3 5 8 9 11 13 16 18 20 21 23 25 27 30 31 33
2 4 6 7 9 11 14 16 18 19 23 25 27 30 31 34
1 3 6 8 10 12 14 15 17 20 21 24 26 28 29 32 33
2 3 6 7 9 11 14 16 18 20 22 23 25 27 30 31 34
2 4 5 8 10 12 13 15 17 19 21 24 26 28 29 31 33
2 4 5 8 10 11 13 15 17 19 21 24 26 28 31 33
2 4 6 7 9 11 14 16 18 19 22 23 25 27 30 32 34
2 4 6 8 10 11 14 15 17 20 21 23 25 27 29 32 33
2 4 6 7 9 11 14 16 18 19 22 23 25 27 30 32 34
1 3 5 10 12 14 15 18 20 21 26 28 29 31 33
2 4 5 8 10 11 13 15 17 19 22 23 26 28 30 31 33
2 3 6 7 9 11 14 18 20 22 23 25 27 30 31 34
2 3 5 8 10 12 13 15 17 19 21 24 26 28 29 31 33
2 6 7 9 11 14 16 18 20 22 23 25 27 30 34
2 6 8 10 11 13 15 17 19 22 24 26 27 30 33
2 4 6 8 10 12 13 15 17 19 22 23 25 27 29 31 33
2 4 6 7 9 12 14 16 18 20 22 23 26 27 31 34
2 4 5 8 10 11 13 15 18 20 21 24 26 27 31 33
1 4 5 8 10 12 13 15 17 19 21 24 25 28 29 31 33
2 3 6 7 9 11 14 16 18 20 22 23 25 27 30 34
2 4 5 8 10 12 13 15 17 19 21 24 28 29 33
2 4 6 7 9 11 14 16 18 19 22 23 26 27 30 31 34
2 3 5 8 9 11 14 16 18 19 21 23 25 27 30 33
1 3 11 14 16 18 20 21 24 25 28 30 31 33
2 3 6 7 9 11 14 16 18 20 22 23 25 27 30 31 34
1 3 5 8 10 12 13 15 17 20 22 24 26 28 29 33
2 4 5 7 9 11 13 15 17 19 22 23 25 27 29 31 34
1 4 5 8 10 12 13 15 17 20 22 24 26 28 29 33
2 5 8 13 15 17 19 26 28 29 31 33
1 3 6 7 9 11 13 16 18 20 22 23 25 27 30 32 34
2 3 5 8 10 12 14 15 17 19 21 24 26 28 29 31 33
2 3 6 7 9 11 14 16 18 19 22 25 27 30 32 34
1 4 5 8 10 12 13 15 17 20 22 24 26 28 30 31 33
1 4 5 8 10 12 13 15 17 19 21 24 26 28 29 31 33
1 3 6 7 9 11 14 16 18 20 21 23 25 27 30 31 34
2 4 5 8 10 12 13 15 17 19 22 24 26 28 29 31 33
1 3 5 8 10 12 13 15 17 19 22 24 25 28 29 31 33
2 3 6 7 11 14 16 18 19 22 23 25 27 30 32 34
2 5 8 9 11 14 15 18 20 21 24 26 28 30 33
2 4 6 7 9 11 13 16 18 19 22 23 26 27 29 31 34
1 4 5 8 9 11 14 16 17 19 22 24 25 27 30 31 33
2 4 5 8 10 11 13 15 17 20 22 24 26 28 29 31 33
2 3 6 7 9 11 14 16 18 19 22 23 25 27 30 34
1 3 5 8 10 12 13 15 17 20 22 24 26 28 29 31 33
1 3 5 7 9 11 13 15 18 19 22 24 25 27 30 31 34
1 4 5 8 10 11 13 15 17 20 22 24 26 27 30 33
1 4 5 8 10 11 13 15 17 19 21 24 26 28 30 31 33
2 3 6 7 9 11 14 16 18 20 22 23 25 27 30 32 34
1 3 5 8 10 12 13 15 17 20 21 24 26 28 29 31 33
1 4 5 7 9 11 13 15 18 20 22 24 26 27 30 34
1 3 5 8 10 12 13 15 17 20 22 24 26 28 29 31 33
1 3 5 8 11 14 18 20 21 24 25 27 30 33
34
1 3 5 8 10 12 13 15 17 19 21 24 26 28 30 31 33
2 3 5 7 9 11 14 15 17 19 21 23 25 27 30 31 33
1 3 6 7 9 11 13 16 18 20 22 23 25 27 30 31 34
2 3 5 8 10 11 13 15 20 21 23 26 28 29 31 33
2 3 6 7 9 11 14 16 18 20 22 23 25 30 31 34
2 3 6 8 9 11 14 16 18 20 22 23 25 27 29 31 33
1 5 8 10 12 13 15 17 20 22 24 26 28 29 33
2 6 7 9 11 14 16 18 20 22 23 25 27 30 32 34
1 5 8 13 15 17 20 22 24 26 28 29 33
2 3 6 7 9 11 14 16 18 20 22 23 25 27 30 31 34
3 6 8 10 12 13 15 17 19 21 24 26 27 29 31 33
1 4 5 8 10 12 13 15 17 20 22 24 26 28 29 31 33
2 3 6 7 9 11 14 16 18 19 22 23 25 27 30 32 34
1 5 8 10 12 13 15 17 20 22 24 26 28 29 31 33
2 3 5 7 9 11 14 16 18 19 22 23 25 27 30 31 34
1 3 5 8 10 12 13 15 17 20 22 24 26 28 30 31 33
1 3 5 8 10 11 13 15 17 19 21 23 25 28 30 31 33
2 3 6 7 9 12 14 16 18 20 25 27 30 32 34
1 3 5 8 9 11 14 16 19 22 24 26 27 29 33
1 4 5 8 9 11 14 20 21 29 31 33
2 4 6 7 9 11 13 16 18 19 22 23 25 27 30 31 34
1 3 5 8 10 11 13 15 17 19 22 24 26 28 30 31 33
2 6 7 9 11 14 16 18 20 22 23 25 27 30 32 34
1 3 6 8 9 14 16 18 20 21 24 25 27 30 31 33
2 4 5 8 10 11 13 15 17 20 21 24 26 27 29 31 33
2 3 6 7 9 11 14 16 18 19 21 23 25 28 30 31 34
2 3 6 7 9 11 14 16 18 20 21 23 26 27 30 32 33
1 4 6 7 9 12 13 15 17 20 22 23 25 27 30 31 34
2 4 6 8 9 11 13 16 18 20 22 23 25 27 30 31 33
2 3 5 7 9 11 14 16 18 19 21 23 25 27 29 33
2 4 6 7 9 12 14 16 18 20 22 23 26 27 30 32 34
1 3 6 8 9 11 14 16 18 20 21 23 25 27 29 32 33
2 3 6 7 9 11 14 16 18 19 22 23 25 27 30 32 34
1 4 5 8 10 12 13 15 17 20 22 24 26 28 29 31 33
2 4 5 8 10 12 13 15 17 20 21 24 26 28 29 31 33
2 3 6 7 9 11 14 16 18 19 22 23 25 27 30 34
2 3 5 8 10 12 13 15 18 20 21 24 26 28 29 33
1 3 5 8 10 12 13 15 17 20 21 24 26 28 30 33
1 6 7 9 11 13 16 18 19 22 23 25 27 30 31 34
2 4 8 9 11 14 16 18 20 21 23 25 27 30 31 33
2 4 6 7 9 11 14 16 18 20 22 23 25 27 30 32 34
2 3 5 8 9 11 13 15 18 20 21 24 25 28 29 31 33
1 3 5 8 10 12 13 15 17 20 24 26 28 30 33
1 3 5 7 9 12 13 16 18 20 22 23 25 27 30 31 34
1 4 5 8 9 11 13 16 17 19 22 24 25 27 30 33
2 3 6 7 9 11 14 16 18 19 21 23 25 27 30 32 34
1 4 6 8 10 11 13 15 17 19 22 24 26 27 29 31 33
1 4 5 8 10 12 13 15 17 20 22 24 26 28 29 33
2 3 6 7 9 11 14 16 18 20 21 25 27 34
1 4 6 8 9 11 14 16 18 20 21 23 26 27 30 31 33
2 4 6 7 9 11 14 16 18 20 22 23 25 27 30 32 34
2 4 5 8 10 12 13 15 17 20 22 26 28 29 31 33
2 3 5 8 9 11 13 16 17 19 21 24 25 27 30 31 33
1 4 5 7 9 11 13 15 18 19 21 23 26 27 29 31 34
1 4 5 8 10 12 13 15 17 19 22 24 26 28 29 31 33
4 5 8 10 12 13 15 17 19 21 26 28 29 33
1 3 6 7 9 11 14 16 18 19 22 23 25 27 30 32 34
5 8 10 12 13 15 17 24 26 28 33
1 4 5 7 9 12 13 16 17 19 22 24 25 27 30 31 34
1 3 5 8 10 12 13 15 17 20 22 24 26 28 30 33
1 4 5 8 10 12 13 15 17 19 22 24 26 28 29 31 33
2 3 6 7 9 11 14 16 18 20 22 24 25 27 31 34
1 3 5 8 10 12 13 15 17 20 22 24 26 28 29 31 33
2 4 6 7 9 11 14 16 18 19 22 23 26 27 30 31 34
1 3 5 8 10 12 13 15 19 22 24 26 28 29 33
2 4 8 10 11 13 15 17 20 22 24 26 28 29 31 33
2 4 6 7 9 11 14 16 18 20 22 23 25 27 30 31 34
2 3 5 8 11 13 15 17 19 21 24 26 30 33
2 3 5 8 10 11 14 15 17 20 21 24 25 28 29 31 33
2 4 6 7 9 11 14 16 18 20 22 23 25 27 30 32 34
2 3 5 8 10 12 14 15 17 20 21 24 26 27 29 31 33
2 4 6 7 9 11 14 16 18 19 22 23 26 27 30 31 34
17 33
1 3 5 8 10 11 13 15 17 19 22 24 28 29 33
2 3 6 7 9 11 14 16 18 19 22 23 27 30 32 34
1 4 5 8 10 12 14 15 17 19 22 24 26 28 29 31 33
2 4 6 7 9 12 14 16 18 19 22 23 25 27 30 32 34
1 4 5 8 10 12 13 15 17 19 22 24 26 27 29 31 33
1 4 5 8 10 11 13 15 18 19 21 24 25 27 29 31 33
2 4 6 7 9 11 14 16 18 20 22 23 25 27 30 32 34
1 4 5 8 10 12 13 15 17 19 22 24 26 28 30 31 33
2 4 6 7 9 11 13 15 17 19 22 23 25 27 30 31 34
1 4 5 8 10 12 15 17 22 24 26 28 29 33
1 3 5 8 10 11 15 17 20 21 24 25 28 29 31 33
2 4 6 7 9 12 13 15 18 19 22 23 25 27 31 34
1 3 5 8 9 11 14 15 18 19 21 24 25 27 29 31 33
2 3 6 8 9 11 14 16 20 22 23 25 27 30 31 33
2 3 6 7 9 11 14 18 19 22 23 25 27 30 34
1 3 5 8 10 13 15 18 20 21 24 26 28 29 31 33
2 4 6 7 9 11 22 23 25 27 30 31 34
2 4 5 8 10 11 13 15 17 19 21 24 25 27 30 31 33
2 3 6 7 9 11 14 16 18 20 22 24 27 29 31 33
2 4 5 7 9 11 13 15 18 19 22 24 26 27 30 31 34
1 3 5 8 10 12 13 15 17 20 22 24 26 28 30 31 33
2 4 6 7 9 11 14 16 18 19 22 23 25 27 30 32 34
1 3 5 8 10 12 13 15 20 21 24 26 28 29 33
2 5 8 10 11 13 15 17 19 22 24 26 27 29 31 33
2 3 6 7 9 11 14 18 20 27 30 34
1 4 5 8 9 11 13 16 18 20 21 24 26 27 30 31 33
2 6 7 9 11 14 16 18 19 22 23 25 27 30 31 34
1 3 7 9 11 14 16 17 20 21 25 27 30 32 33
2 5 10 11 13 15 17 19 21 24 29 31 33
2 3 6 7 9 11 14 16 18 19 22 23 25 27 30 31 34
1 4 5 8 10 11 13 15 17 19 21 24 26 28 29 31 33
2 4 5 8 9 11 14 16 18 20 24 25 27 30 32 33
2 4 6 7 9 11 14 16 18 19 22 23 25 27 29 32 34
2 4 5 8 10 12 13 15 17 20 22 24 26 28 29 31 33
2 3 6 7 9 11 14 16 18 20 22 23 25 27 30 32 34
10 11 13 15 17 19 24 25 27 30 33
2 3 6 8 10 11 13 16 17 20 21 24 26 28 29 31 33
2 4 6 7 9 11 14 16 18 20 21 23 25 27 30 31 34
1 4 5 8 10 12 13 15 20 22 24 26 28 30 33
2 3 6 7 9 11 14 16 18 19 22 23 25 27 32 34
1 4 5 8 10 12 13 15 17 19 22 26 28 29 31 33
1 4 5 8 10 12 13 15 20 21 24 26 28 29 31 33
2 4 6 7 9 11 14 16 18 19 22 23 25 27 30 34
2 3 5 8 10 11 13 15 17 20 21 24 26 27 29 31 33
2 3 6 7 9 11 14 16 18 19 22 23 25 27 30 31 34
1 3 5 8 10 11 15 18 20 21 23 26 27 30 33
1 3 6 8 9 11 14 16 18 19 21 23 25 27 30 33
2 4 5 7 9 11 13 16 18 20 22 23 25 27 30 31 34
1 4 6 8 10 12 13 15 17 19 22 24 26 28 29 31 33
2 5 8 10 11 13 15 18 19 22 24 26 28 29 33
2 4 5 7 9 11 14 16 17 19 22 23 25 27 30 31 34
2 3 5 8 10 11 14 15 17 19 21 24 25 28 29 31 33
2 6 7 9 11 14 16 18 20 22 23 25 27 30 31 34
2 4 5 8 10 11 13 15 17 20 21 24 26 28 29 31 33
2 3 5 9 11 14 15 18 19 24 25 27 31 33
2 3 6 7 9 11 14 16 18 20 22 23 25 27 30 31 34
1 4 5 8 10 12 13 15 17 20 22 24 26 28 30 31 33
2 4 6 7 9 11 14 16 18 19 21 23 25 27 30 34
1 3 5 8 9 11 14 15 17 20 21 24 26 27 30 33
2 4 5 8 10 11 13 15 17 19 22 24 26 27 30 31 33
1 4 6 8 10 12 13 15 17 19 22 24 26 27 30 31 34
1 4 5 8 10 12 13 15 17 20 22 24 26 28 30 31 33
1 3 6 7 9 11 14 16 18 20 22 24 25 27 30 31 34
2 3 5 8 11 14 16 18 20 21 24 25 28 30 31 33
1 3 5 8 9 11 14 15 17 19 21 24 26 28 30 31 33
2 3 6 7 9 11 14 16 18 20 22 25 27 30 32 34
2 3 5 8 10 11 14 15 17 20 21 24 33
1 4 5 8 9 11 13 16 20 21 24 25 27 29 33
2 4 6 7 9 11 14 16 18 19 21 23 26 27 30 31 34
1 3 6 8 10 12 13 15 20 21 24 26 28 29 33
2 3 6 7 9 11 14 16 18 20 22 23 25 27 30 32 34
2 4 5 8 10 11 13 15 17 19 21 24 26 28 29 31 33
1 4 5 8 9 11 14 16 18 20 22 24 26 28 30 31 33
2 3 6 7 9 11 14 16 18 20 22 23 25 27 30 32 34
1 4 5 8 10 12 13 15 17 20 22 24 26 28 29 33
2 4 6 7 10 12 13 15 17 19 22 24 25 27 30 31 34
2 4 5 8 10 11 15 19 21 23 26 27 29 33
2 3 5 8 10 11 13 15 18 19 22 24 26 28 29 31 33
2 4 5 7 9 11 13 16 18 19 21 23 25 27 30 31 34
1 3 5 8 10 11 13 15 17 19 21 23 25 27 30 33
2 6 7 9 11 14 16 18 19 22 23 25 27 30 31 34
2 3 5 7 9 11 14 16 18 20 22 23 25 27 30 33
2 3 5 8 9 11 14 15 18 20 22 24 26 28 30 31 33
2 3 6 7 9 11 13 16 18 20 21 23 25 27 30 31 34
1 3 5 8 9 11 14 15 18 19 21 24 25 27 30 33
1 4 5 8 10 11 14 15 19 21 23 28 30 31 33
2 6 7 9 11 14 16 18 20 21 23 25 27 30 31 34
1 4 5 8 10 12 13 15 17 19 22 23 26 28 29 33
2 3 6 7 9 11 14 16 18 20 22 24 25 27 30 31 34
1 3 6 7 10 12 13 15 17 20 21 24 26 27 30 31 33
1 4 5 8 10 12 13 15 17 21 24 26 28 29 33
2 7 9 11 14 16 18 19 22 23 25 27 31 34
1 4 5 8 10 12 13 15 17 19 22 24 26 27 29 31 33
2 3 6 7 9 11 13 15 18 20 21 23 25 27 29 31 34
1 3 5 8 10 11 13 15 19 21 26 28 29 33
2 3 5 8 10 12 13 15 17 19 22 24 26 28 29 31 33
2 3 6 7 9 11 13 16 18 20 22 23 25 27 30 31 34
2 4 5 8 10 12 13 15 18 19 21 24 26 28 29 33
1 3 6 7 9 11 14 16 18 19 22 23 25 27 30 31 34
1 4 5 8 10 12 13 15 17 20 21 24 26 28 29 31 33
2 3 5 8 10 12 13 15 17 20 22 24 25 28 33
2 5 7 9 11 14 16 18 19 22 24 26 27 30 31 34
1 3 5 8 10 12 13 15 18 19 22 24 26 28 30 31 33
2 3 5 7 9 11 14 16 18 19 21 24 25 27 30 32 33
1 3 6 7 9 11 14 16 18 19 22 23 25 27 30 31 34
2 4 5 8 9 12 13 15 17 20 22 24 26 27 31 33
2 3 5 7 9 11 13 16 17 19 22 23 25 27 30 31 34
2 4 5 8 10 12 13 15 17 20 21 24 26 28 29 31 33
1 3 5 8 10 12 13 15 17 20 21 26 28 30 31 33
2 4 6 7 9 11 14 16 18 19 23 25 27 30 32 34
1 3 5 8 12 13 15 17 19 22 24 26 28 29 33
2 3 6 7 9 11 18 20 25 34
1 4 5 8 10 11 13 15 18 20 22 23 25 28 30 31 33
1 4 5 8 10 12 13 15 17 19 22 24 26 28 30 31 33
1 3 6 7 9 11 14 18 20 21 23 25 27 30 32 34
1 3 5 8 10 12 13 15 17 20 22 24 26 28 33
1 4 6 7 9 11 14 16 18 19 22 25 27 30 32 34
1 3 5 8 10 12 14 15 17 20 21 24 26 28 29 31 33
2 3 5 8 10 13 15 17 19 21 24 27 29 31 33
2 3 6 7 9 11 18 19 22 23 34
2 4 5 8 10 11 13 15 17 19 22 24 25 28 30 31 33
1 3 5 8 9 11 13 15 17 19 21 24 25 27 30 33
2 3 5 7 9 11 13 18 20 22 24 29 34
2 4 5 8 10 12 13 15 17 19 22 24 26 27 30 31 33
4 5 7 10 11 13 15 17 19 22 23 26 27 30 31 34
1 3 5 8 10 11 13 15 17 20 22 24 26 28 29 31 33
1 4 5 8 10 11 13 15 17 19 22 23 26 27 30 33
2 3 6 7 9 11 14 16 18 19 22 23 25 27 30 32 34
1 3 5 8 10 12 13 15 17 20 21 24 26 28 29 31 33
1 3 5 7 10 12 13 15 17 19 21 24 26 27 30 31 34
1 3 5 8 10 12 13 15 17 20 21 24 26 28 29 31 33
1 5 8 10 12 13 15 17 20 22 24 25 28 29 31 33
2 4 6 7 9 11 14 16 18 19 22 23 25 27 30 31 34
2 3 5 7 9 11 14 16 18 20 21 23 27 30 32 33
2 3 6 8 10 12 13 15 17 19 21 24 26 28 29 31 33
1 3 6 7 9 11 14 16 18 19 22 23 25 27 30 31 34
1 3 5 8 10 12 13 15 17 20 22 24 29 31 33
2 4 6 7 9 11 14 16 18 20 22 23 25 27 30 34
1 4 5 8 10 11 13 15 17 20 22 23 27 29 31 33
1 4 5 8 10 12 13 15 17 20 22 24 26 28 29 31 33
1 3 6 7 9 11 14 16 18 19 22 24 25 27 30 31 34
2 4 5 8 10 12 13 15 17 19 21 24 26 28 29 31 33
2 3 6 7 9 11 14 16 18 20 22 23 25 27 30 31 34
1 3 5 8 10 12 13 15 17 19 22 24 25 28 30 31 33
1 3 5 8 9 11 14 15 18 20 21 24 25 28 29 31 33
2 4 6 7 9 12 14 16 18 20 22 23 25 27 30 31 34
1 3 5 8 10 12 13 15 17 20 22 24 26 28 29 31 33
2 4 5 7 10 12 13 15 17 19 22 24 26 27 29 31 34
1 3 5 8 9 11 14 16 18 20 21 25 27 29 31 33
1 4 5 8 11 15 17 19 22 24 25 27 30 31 33
2 4 5 7 9 11 14 16 18 19 22 23 25 27 29 31 34
1 4 5 8 10 12 13 15 17 20 22 24 25 28 29 33
1 4 5 8 10 12 13 15 17 19 22 24 26 28 29 31 33
2 4 6 7 9 11 14 16 18 20 22 23 25 27 30 34
2 3 5 8 10 12 13 15 17 19 22 24 28 29 31 33
2 3 5 7 9 11 13 15 17 20 22 23 25 27 30 31 34
1 5 8 10 12 13 15 17 20 22 24 26 28 29 33
1 4 5 8 10 11 13 15 17 20 22 24 26 28 29 31 33
2 4 6 7 9 11 14 16 18 19 22 23 25 27 30 31 34
1 5 8 10 12 13 15 17 20 22 24 25 28 29 31 33
2 3 6 7 9 11 14 16 18 20 22 23 25 27 30 31 34
1 3 5 8 10 12 13 15 17 20 22 24 26 28 30 31 33
1 4 5 8 10 12 13 15 17 20 22 24 26 28 29 33
2 3 6 7 9 11 14 16 18 20 22 23 25 27 30 32 34
1 4 5 8 10 12 13 15 17 20 21 24 26 28 29 33
10 11 14 15 17 20 22 23 25 28 30 34
1 3 5 8 9 11 14 16 18 19 21 24 25 27 30 31 33
1 4 5 8 10 12 13 16 17 19 21 24 26 28 29 31 33
2 4 6 7 9 11 14 16 18 20 22 23 25 27 30 32 34
2 3 5 8 10 11 13 15 17 20 24 26 28 30 31 33
1 5 8 10 12 13 15 17 20 21 24 26 28 29 31 33
2 3 6 7 9 11 14 16 18 19 22 23 25 27 30 32 34
2 4 5 8 10 11 13 15 17 19 22 24 26 27 31 33
2 4 6 7 9 11 13 15 17 19 22 23 25 27 31 34
1 4 5 8 10 11 13 15 17 19 21 24 26 27 29 31 33
1 4 5 8 10 12 13 15 18 19 21 24 26 28 30 33
1 3 6 7 9 11 14 16 18 19 21 24 25 28 30 32 34
1 4 5 8 10 12 13 15 17 19 22 24 26 28 29 33
2 4 6 7 9 11 14 16 18 19 22 25 27 30 34
1 4 5 8 10 12 13 15 17 20 22 24 26 28 29 33
2 3 5 8 10 11 14 15 17 19 22 24 25 27 30 31 33
2 4 6 7 9 11 14 16 18 20 22 23 25 27 29 32 34
1 4 5 8 10 12 13 15 17 19 22 24 26 28 29 31 33
2 6 7 9 11 14 16 18 19 22 23 25 27 30 31 34
1 4 5 8 10 13 15 17 20 26 33
2 4 6 8 10 11 13 15 17 20 21 24 26 27 29 31 33
2 4 6 7 9 11 13 15 18 19 22 23 25 27 30 31 34
2 3 6 8 9 11 14 16 18 19 21 24 25 27 30 32 33
2 4 5 7 9 11 14 16 17 20 22 24 25 27 29 33
2 3 6 7 9 11 14 16 18 19 22 23 25 27 30 31 34
2 4 6 8 9 11 14 16 18 19 21 23 25 27 30 31 33
2 3 6 7 9 11 14 16 18 19 22 23 25 27 30 31 34
2 4 5 8 10 12 13 15 17 20 22 24 26 27 29 31 33
1 4 5 8 10 12 13 15 17 20 22 24 26 28 31 33
2 3 6 7 9 11 14 16 18 20 22 23 25 27 30 31 34
2 3 6 7 10 11 13 15 17 20 21 24 25 28 29 33
1 4 5 7 9 11 13 15 18 19 22 23 26 27 29 31 34
1 4 5 8 10 12 13 15 17 20 21 24 26 28 29 31 33
1 4 5 8 10 12 13 15 17 19 22 24 26 28 30 31 33
1 4 5 7 10 12 14 15 17 19 22 24 26 27 29 31 34
1 4 5 8 10 12 13 15 17 19 21 24 26 28 29 31 33
2 4 6 7 9 11 14 16 18 19 22 23 25 27 30 32 34
1 3 5 8 10 12 13 15 17 20 21 24 26 28 29 31 33
1 3 5 10 11 13 15 17 20 21 24 25 28 31 33
2 6 7 9 11 14 16 18 19 22 23 25 27 30 32 34
1 4 5 8 10 12 13 15 17 20 22 24 26 28 29 33
2 5 8 10 12 13 15 17 20 22 24 26 28 29 31 33
1 6 7 9 11 14 15 18 20 22 23 25 27 30 31 34
1 3 5 8 10 11 13 15 17 19 21 24 25 27 29 31 33
2 3 6 7 9 11 14 16 18 19 22 23 25 27 30 32 34
1 4 5 8 10 11 13 15 17 19 22 24 25 28 30 31 33
2 3 5 8 9 11 14 16 18 20 22 24 25 27 29 31 33
2 4 6 7 9 11 14 16 18 20 22 23 25 27 30 32 34
1 3 5 8 9 11 13 15 18 19 21 24 26 28 29 33
2 3 6 7 9 11 14 16 18 19 22 23 25 30 34
2 4 5 8 9 11 14 16 18 19 21 23 25 27 30 31 33
2 3 5 8 10 11 13 15 19 22 24 26 28 30 31 33
2 4 6 7 9 11 14 16 18 20 22 23 25 27 30 32 34
2 4 5 8 10 12 13 15 17 19 22 24 26 28 30 31 33
2 3 6 7 9 11 16 18 20 22 25 27 30 32 34
1 5 8 10 12 13 15 17 20 22 26 28 29 31 33
1 3 5 8 10 12 13 15 17 20 21 24 26 28 29 33
2 3 6 7 9 11 14 16 17 19 22 23 25 27 30 31 34
1 4 5 8 10 12 13 15 17 19 22 24 26 28 29 31 33
1 3 5 8 10 12 13 15 17 20 21 24 26 28 30 31 33
2 4 6 7 9 11 14 16 18 20 22 23 25 27 30 31 34
2 3 5 8 9 13 16 18 19 21 24 25 28 29 31 33
2 3 6 7 9 11 14 16 18 20 21 23 25 27 30 32 34
1 3 5 8 11 13 15 18 19 26 28 29 31 33
1 5 8 10 12 13 15 17 20 22 24 26 28 29 33
2 4 6 7 9 11 14 16 18 20 22 23 25 27 30 32 34
2 5 8 10 11 14 15 18 19 21 24 26 28 29 31 33
2 4 6 7 9 11 14 16 18 19 22 23 25 27 30 31 34
1 4 6 8 9 11 16 20 22 24 26 27 32 33
1 3 5 8 10 12 13 15 17 19 22 24 26 28 29 31 33
2 3 6 7 9 11 14 16 18 20 22 23 30 34
1 3 5 8 10 13 15 17 19 22 24 26 28 29 33
2 4 6 8 9 11 13 16 18 20 22 26 27 29 31 34
2 4 5 8 10 12 13 15 17 19 21 26 28 29 31 33
2 5 8 10 12 13 15 17 19 21 24 26 27 29 31 33
2 3 6 7 9 11 14 16 18 19 21 23 25 27 30 31 34
2 4 5 8 10 11 13 15 17 20 21 23 26 27 29 33
2 3 5 8 10 11 13 15 17 19 21 24 25 28 29 33
2 4 6 7 9 11 14 16 18 19 22 23 25 27 30 31 34
2 4 5 8 10 12 13 15 17 19 21 24 26 28 29 31 33
2 4 6 7 9 11 13 16 18 19 22 24 26 27 29 31 34
2 4 5 8 10 12 13 15 17 20 22 24 26 28 29 33
1 4 5 8 10 12 13 15 17 19 21 24 26 27 30 31 33
2 3 6 7 9 11 14 16 18 20 22 23 25 27 30 31 34
1 5 8 10 11 13 15 17 19 22 24 26 28 29 33
1 3 5 7 9 11 13 15 18 19 27 30 31 34
1 4 5 8 10 12 13 15 17 19 22 24 28 29 31 33
5 8 10 12 13 15 20 33
2 4 6 7 9 11 14 16 18 19 22 23 26 27 30 31 34
2 3 5 8 10 12 13 15 19 22 24 25 28 29 31 33
2 4 6 7 9 12 13 16 17 19 22 24 26 27 30 31 34
1 3 5 8 10 12 13 15 17 20 21 24 26 28 30 31 33
1 4 5 8 10 12 13 15 17 20 21 24 26 28 29 33
2 4 6 7 9 11 14 16 18 20 22 23 25 27 30 31 34
2 4 6 7 9 11 14 16 18 20 21 23 25 27 30 32 33
1 3 5 8 9 11 14 15 19 22 24 25 27 30 33
1 4 6 7 9 11 14 16 18 20 21 23 25 27 30 32 34
2 3 5 8 10 11 13 15 17 19 22 26 28 29 31 33
2 4 6 7 10 11 13 17 20 22 23 25 27 30 31 34
1 3 5 8 10 12 13 15 17 19 21 24 25 28 30 31 33
1 3 5 7 9 11 14 16 18 20 21 23 25 27 30 31 33
1 3 6 7 9 11 14 16 18 20 21 24 25 27 30 31 34
2 4 5 8 10 12 13 15 17 20 22 24 26 28 29 31 33
2 4 6 7 9 12 13 15 17 19 22 23 25 27 30 31 34
1 4 5 8 10 12 13 15 19 21 23 26 27 30 31 33
6 8 11 16 18 20 21 23 26 27 30 33
2 3 6 7 9 11 14 16 18 20 22 23 25 27 30 32 34
1 5 8 10 12 13 15 17 20 22 24 26 28 29 33
1 5 8 10 12 13 15 17 20 22 24 26 28 29 33
1 3 5 8 10 12 13 15 18 19 21 24 26 29 31 33
