1 9 11 13 15 19 25 27
1 6 11 13 15 22 26 28
2 6 11 13 15 19 25 27
1 6 11 13 15 19 25 27
4 10 11 13 16 19 25 28
1 6 11 13 15 20 26 28
1 10 11 13 15 19 25 27
5 6 11 13 15 22 26 28
1 6 11 13 15 19 25 27
1 6 11 13 18 20 26 28
4 10 11 13 15 19 25 28
1 7 11 13 15 19 25 27
1 6 11 13 15 19 25 27
1 7 11 13 15 19 25 28
2 10 11 13 17 19 25 28
1 6 11 13 15 19 25 27
2 10 11 13 15 19 25 28
5 6 11 13 15 22 26 28
1 6 11 13 15 19 25 27
1 6 11 13 15 22 26 28
1 6 11 13 15 19 25 27
1 6 11 13 15 22 26 28
4 10 11 13 15 22 26 28
1 6 11 13 15 19 25 27
2 6 11 13 15 19 25 27
2 6 11 13 15 22 26 28
1 6 11 13 17 22 26 28
1 7 11 13 15 19 25 27
2 10 11 13 15 22 25 28
1 6 11 13 15 19 25 27
1 10 11 13 18 19 25 28
4 6 11 13 15 22 26 28
1 6 11 13 15 19 25 27
1 6 11 13 15 19 25 27
4 10 11 13 15 19 25 28
1 6 11 13 16 22 26 28
2 6 11 13 15 22 25 28
1 6 11 13 15 19 25 27
1 6 11 13 15 19 25 27
5 6 11 13 15 22 26 28
1 10 11 13 15 19 25 28
1 6 11 13 15 19 25 27
1 6 11 13 15 19 25 27
1 10 12 13 15 22 26 28
1 6 11 13 17 22 26 28
5 10 11 13 18 19 25 28
1 6 11 13 15 19 25 27
1 10 11 13 15 22 25 28
3 10 11 13 15 19 25 28
1 6 11 13 15 19 25 27
1 6 11 13 15 19 25 27
1 7 11 13 15 22 26 28
1 10 11 13 15 19 25 27
4 6 11 13 15 22 26 28
4 6 12 13 15 20 25 28
4 10 11 13 15 19 25 28
1 6 11 13 15 19 25 27
4 6 11 13 18 22 26 28
1 10 11 13 15 19 25 27
1 6 11 13 15 19 25 27
5 6 11 13 15 19 25 28
1 6 11 13 15 22 26 28
4 10 11 13 18 19 25 28
1 10 11 13 15 22 26 28
1 6 11 13 15 19 25 27
1 6 11 13 15 19 25 27
1 10 11 13 15 22 26 28
5 10 11 13 15 19 25 28
1 6 11 13 15 19 25 27
5 6 11 13 15 22 26 28
1 7 11 13 15 19 25 27
1 6 11 13 15 19 25 27
5 7 11 13 15 22 26 28
3 10 11 13 15 19 25 28
1 7 11 13 15 21 25 28
1 6 11 13 15 19 25 27
1 6 11 13 16 19 25 27
4 10 11 13 18 19 25 28
2 10 11 13 16 22 26 28
5 10 11 13 15 19 25 28
1 6 11 13 15 19 25 27
5 9 11 13 15 20 26 28
1 6 11 13 15 19 25 27
1 6 11 13 15 22 26 28
1 9 11 13 15 19 25 27
5 10 11 13 15 19 25 28
1 6 11 13 15 19 25 27
1 6 11 13 15 22 25 28
1 6 11 13 15 19 25 27
1 6 11 13 15 19 25 27
5 8 11 13 15 22 26 28
4 10 11 13 15 19 25 28
4 8 11 13 15 20 26 28
4 7 11 13 18 19 25 28
1 6 11 13 15 19 25 27
1 6 11 13 15 22 26 28
1 6 11 13 15 19 25 27
1 6 11 13 15 19 25 27
4 10 11 13 15 19 25 28
5 6 11 13 15 22 26 28
2 10 11 13 15 22 26 28
4 9 11 13 15 19 25 27
1 6 11 13 15 19 25 27
1 10 11 13 15 22 26 28
4 10 11 13 15 19 25 28
1 6 11 13 15 19 25 27
1 6 11 13 15 19 25 27
1 6 11 13 15 22 26 28
5 6 11 13 15 22 26 28
5 10 12 13 15 19 24 28
5 8 11 13 15 19 25 28
5 9 12 14 15 19 25 28
4 10 11 13 18 19 25 28
1 7 11 13 15 19 25 27
1 10 11 13 15 19 25 28
1 6 11 13 15 19 25 27
1 6 11 13 15 22 26 28
1 7 11 13 15 19 25 27
2 9 11 13 17 22 26 28
4 10 11 13 15 19 25 28
4 6 11 13 17 22 26 28
1 6 11 13 15 19 25 27
1 6 11 13 15 19 25 27
2 6 11 13 15 22 26 28
1 6 11 13 15 19 25 27
2 10 11 13 15 19 25 28
1 6 11 13 15 19 25 27
3 10 11 13 18 19 25 28
1 6 11 13 15 22 26 28
1 6 11 13 15 19 25 27
4 6 11 13 15 22 26 28
1 6 11 13 15 19 25 27
4 10 11 13 15 19 25 28
1 6 11 13 15 22 26 28
1 6 11 13 15 19 25 27
1 6 11 13 15 19 25 27
4 7 11 13 16 22 26 28
4 10 11 13 15 19 25 28
5 10 11 13 15 22 26 28
1 6 11 13 15 19 25 27
1 6 11 13 15 19 25 27
5 10 11 13 18 20 26 28
1 6 11 13 15 19 25 27
5 10 11 13 18 19 25 28
1 6 11 13 18 20 26 28
4 10 11 13 15 19 25 28
1 6 11 13 15 19 25 27
1 6 11 13 15 19 25 27
5 6 11 13 15 22 26 28
1 6 11 13 15 22 26 28
1 6 11 13 15 19 25 27
3 10 11 13 15 19 25 28
1 6 11 13 15 19 25 27
1 7 11 13 15 19 25 28
1 7 11 13 15 19 25 27
1 10 11 13 15 19 25 27
5 6 11 13 15 20 26 28
4 10 11 13 15 19 25 28
5 10 11 13 18 19 25 28
4 7 11 13 18 22 26 28
1 6 11 13 15 19 25 27
1 6 11 13 15 19 25 27
4 6 11 13 15 22 26 28
1 6 11 13 15 19 25 28
1 6 11 13 15 19 25 27
4 6 11 13 15 20 26 28
3 6 11 13 18 20 26 28
4 6 12 13 15 19 25 28
1 6 11 13 15 19 23 27
1 6 11 13 15 19 25 27
4 10 11 13 15 19 25 28
2 10 11 13 18 21 26 28
1 6 11 13 15 19 25 27
1 6 11 13 15 19 25 27
1 9 11 13 15 22 26 28
5 10 11 13 15 19 25 28
2 10 11 13 15 19 25 28
3 6 11 13 15 22 26 28
1 6 11 13 15 19 25 27
1 6 11 13 15 19 25 27
1 10 11 13 18 20 26 28
4 6 11 13 15 19 25 27
3 10 11 13 15 19 25 28
1 6 11 13 15 19 25 27
1 9 11 13 15 22 26 28
2 7 11 13 16 22 26 28
1 6 11 13 15 19 25 27
1 6 11 13 15 19 25 27
2 10 11 13 15 19 25 28
5 6 11 13 15 22 26 28
4 10 11 13 18 19 25 28
1 6 11 13 15 19 25 27
1 10 11 13 15 22 25 28
1 6 11 13 15 19 25 27
1 6 11 13 18 19 25 27
5 6 11 13 16 22 26 28
4 10 11 13 15 19 25 28
5 9 11 13 15 22 26 28
1 6 11 13 15 19 25 27
1 6 11 13 15 19 25 27
1 6 11 13 15 22 26 28
1 9 11 13 15 19 25 28
1 6 11 13 15 19 25 27
5 9 11 13 16 22 26 28
1 6 11 13 15 19 25 27
1 6 11 13 15 22 26 28
4 10 11 13 18 19 25 28
1 6 11 13 15 19 25 27
1 6 11 13 15 19 25 28
1 6 11 13 15 19 25 27
1 6 11 13 15 21 25 28
1 6 11 13 15 19 25 27
1 7 11 13 15 19 25 27
5 6 11 13 15 21 26 28
5 6 11 13 15 19 25 28
1 6 12 13 15 22 26 28
1 6 11 13 15 19 25 27
1 10 11 13 15 22 26 28
1 6 11 13 15 19 25 27
4 10 11 13 15 19 25 28
1 6 11 13 15 19 25 27
5 6 11 13 17 22 26 28
2 6 11 13 15 22 26 28
4 6 12 13 15 22 26 28
4 6 12 13 15 19 25 28
2 6 11 13 18 19 25 28
1 6 11 13 16 22 26 28
1 6 11 13 15 19 25 27
1 6 11 13 15 19 25 27
5 10 11 13 15 19 25 28
1 6 11 13 15 22 26 28
1 9 11 13 15 19 25 27
1 6 11 13 15 19 25 27
1 7 11 13 15 22 26 28
4 8 11 13 18 22 26 28
4 10 11 13 15 19 25 28
3 10 11 13 15 19 25 27
1 6 11 13 15 19 25 27
1 10 11 13 15 22 26 28
1 6 11 13 15 19 25 27
1 10 12 13 18 20 25 28
1 6 11 13 15 22 26 28
5 10 11 13 15 22 25 28
2 6 11 13 15 22 26 28
1 10 11 13 16 19 25 27
1 6 11 13 15 19 25 27
1 10 11 13 15 22 26 28
1 7 11 13 15 19 25 27
2 10 11 13 15 19 25 28
1 6 11 13 15 19 25 27
1 7 11 13 15 20 25 28
1 6 11 13 15 19 25 27
1 6 11 13 15 22 26 28
1 6 11 13 15 19 25 27
4 10 11 13 15 19 25 28
1 7 11 13 18 22 26 28
5 10 11 13 18 19 25 28
1 6 11 13 15 19 25 27
1 6 11 13 15 19 25 27
1 10 11 13 15 21 26 28
2 10 11 13 15 19 25 28
5 9 11 13 15 22 26 28
1 6 11 13 15 19 25 27
1 7 11 13 15 19 25 27
3 10 11 13 15 22 26 28
1 6 11 13 15 19 25 27
4 10 11 13 15 19 25 28
1 9 11 13 15 22 26 28
1 6 11 13 15 19 25 27
1 6 11 13 15 19 25 27
4 6 11 13 15 20 26 28
2 10 11 13 15 19 25 28
1 6 11 13 15 22 26 28
4 10 11 13 15 20 25 28
1 6 11 13 15 19 25 27
1 6 11 13 15 19 25 27
1 6 11 13 15 22 26 28
1 6 11 13 15 19 25 27
4 10 11 13 15 19 25 28
4 9 12 13 18 20 25 28
5 6 11 13 18 22 26 28
1 6 11 13 15 19 25 27
1 6 11 13 15 22 26 28
1 6 11 13 15 19 25 27
1 6 11 13 15 19 25 27
2 10 11 13 15 19 25 28
1 6 11 13 15 22 26 28
1 9 11 13 15 19 25 27
1 10 11 13 18 19 25 28
1 6 11 13 15 22 26 28
5 6 11 13 15 22 26 28
1 6 11 13 15 19 25 27
1 6 11 13 15 19 25 27
4 10 11 13 15 19 25 28
2 7 11 13 15 21 25 28
1 6 11 13 15 19 25 27
1 10 11 13 15 19 25 27
4 6 11 13 15 22 26 28
5 6 11 13 15 22 26 28
1 10 11 13 15 19 25 28
1 6 11 13 15 19 25 27
1 6 11 13 15 19 25 27
4 6 11 13 15 22 26 28
4 10 11 13 18 20 25 28
1 6 11 13 15 19 25 27
4 10 11 13 15 19 25 28
1 6 11 13 15 19 25 27
1 6 11 13 15 22 26 28
4 6 11 13 15 22 26 28
4 6 11 13 15 19 25 27
1 6 11 13 15 19 25 27
4 10 11 13 15 19 25 28
1 6 11 13 15 20 26 28
1 6 11 13 15 19 25 27
1 10 11 13 18 20 26 28
1 7 11 13 15 19 25 27
1 6 11 13 15 19 25 28
2 10 11 13 15 19 25 28
1 6 11 13 18 19 25 27
4 10 11 13 18 19 25 28
1 10 11 13 15 22 26 28
1 6 11 13 15 19 25 27
1 6 11 13 15 19 25 27
3 10 11 13 15 19 25 28
1 6 11 13 15 22 26 28
1 6 11 13 15 19 25 27
5 9 11 13 18 22 26 28
1 6 11 13 15 19 25 27
2 6 11 13 15 22 26 28
2 10 11 13 15 19 25 28
1 6 11 13 15 19 25 27
1 6 11 13 15 19 25 27
1 10 11 13 15 22 26 28
1 6 11 13 15 19 25 27
1 6 11 13 15 19 25 27
1 6 11 13 15 19 25 27