-2 4 9 12 13 -15 -16 -17 -26 29 -37 38 39 40 -51 54 57 -59 60 63 -64 74 79 101
3 -7 9 20 -21 -26 29 -31 -44 -51 54 55 56 -77 79 -84 -89 -91 101
1 -2 -7 9 -15 -16 -18 -23 -35 -36 -37 -45 48 -61 -73 -75 82 -87 99 101
-6 9 -17 -23 -26 29 32 -41 -44 -45 48 54 55 57 60 -69 -78 -84 -93 95 -98 100 101
-7 -8 -31 32 34 39 48 -62 -67 72 -73 74 -75 -77 83 -84 85 -86 87 -95 101
4 -10 -11 -14 -18 29 -36 38 -41 46 -47 -59 60 -65 -67 -78 79 -80 85 87 -99 101
3 -10 -14 -23 -24 34 -37 54 57 60 -61 63 -64 -66 -67 -68 -76 -84 85 99 101
-2 3 -10 -17 20 22 -26 -28 -41 46 -49 53 60 -65 82 -84 -90 -92 100 101
12 13 20 -26 -30 34 38 -43 -45 54 55 -62 -68 79 -80 91 -92 101
-5 -8 25 34 40 -45 -47 -49 50 -51 -52 55 60 -68 -69 -76 -80 89 91 99 100 101
4 -7 -11 -24 -26 -27 -35 -36 38 -41 53 55 -67 -69 71 -75 -81 85 87 89 97 100 101
1 3 22 32 -33 -35 -49 -51 -64 -65 -66 -69 -80 85 94 101
-17 20 22 -28 -36 -37 39 46 -47 56 70 71 72 -78 -86 -88 -89 -94 -95 -98 101
-7 -15 -18 -23 -27 -28 -30 -45 -47 54 -66 72 -76 -77 82 85 -89 101
3 -10 13 19 -23 -24 25 -30 32 -35 -37 39 42 -49 -62 -64 -65 74 -75 -81 84 94 -95 101
12 -14 -15 -17 -18 -27 -33 38 42 50 -51 -52 -76 -77 83 -96 -99 101
1 -8 -15 19 20 -31 32 -33 -51 53 -67 -69 70 89 -91 -95 101
-5 -7 9 -16 -27 29 -36 40 54 -58 -61 -76 -77 -78 -80 -81 86 101
-2 13 -15 22 -26 -31 -43 -49 -52 -59 63 -66 -69 82 85 92 -95 101
-2 -6 20 -21 -23 25 -31 -33 -37 -44 50 -51 -58 60 -64 71 72 92 -93 -96 101
-5 -6 13 20 -21 22 -27 29 -35 50 -61 -69 70 71 -81 -90 97 101
3 4 -7 -8 9 -15 -18 -21 25 -26 32 42 -43 -47 -51 -58 -61 -62 -67 -73 -80 -81 83 84 -91 97 -98 101
3 -5 -7 12 19 -28 -31 -33 38 39 -41 46 -62 -67 -69 -73 79 -80 -81 96 -98 101
-7 -11 -16 19 20 29 -30 -33 -35 -43 -47 -51 55 -65 -69 -75 -76 -80 89 -90 -92 -98 99 101
-5 -6 -7 -11 13 -14 -21 -30 -31 -37 38 -44 -47 -49 57 -58 -68 82 84 92 -95 101
-2 -6 -7 12 -18 20 -24 25 29 -33 -45 -49 -51 56 57 -75 -77 -81 84 -89 -98 -99 100 101
-2 -7 -10 -18 22 -24 -27 32 39 42 -62 63 -78 83 -86 97 101
4 -8 13 -23 -27 29 32 -35 39 -41 -43 -47 48 53 55 -58 -62 63 -66 -68 70 -75 -78 82 83 89 -91 97 -98 99 100 101
-5 -6 -8 -16 20 -26 -31 32 -36 39 -41 -52 55 57 -61 -65 -73 -77 79 -80 -81 82 85 -95 -96 101
4 12 -14 -26 -30 -35 -44 -45 50 -62 -68 71 72 -73 74 -77 82 -88 91 94 -98 101
1 -8 9 -17 -27 29 -30 -37 39 -45 55 56 -66 -80 82 90 -93 101
-2 3 -10 12 -14 -16 -18 -26 -30 32 -35 40 -41 46 -47 56 -66 -69 -76 -81 87 101
-2 -5 19 -24 -31 -37 39 46 -51 56 -58 -59 -61 71 79 83 89 -91 97 101
13 -16 -18 29 -30 -33 -35 -37 56 -59 63 -75 -76 87 89 90 -91 -93 94 -98 99 101
3 -7 -10 13 -17 -28 -43 -52 55 56 -58 -65 -67 -84 85 -88 89 90 -93 101
-5 -15 22 -23 -26 -30 34 -58 63 -77 -78 85 -90 95 -96 101
4 12 -21 -30 34 -35 -41 -43 -45 -49 53 -59 63 -65 70 82 85 91 -95 101
-5 12 -21 -28 34 38 40 42 -44 46 -61 70 72 -75 82 88 -89 -96 101
-6 -7 9 12 -28 29 -31 34 38 -41 53 56 -62 -78 -81 82 -88 94 97 99 101
-8 -16 20 -27 38 46 -61 -65 -76 82 85 -86 88 -91 -93 97 101
13 -17 -21 -26 -28 -37 -45 -51 56 -61 -64 -66 -67 70 -73 -77 82 85 89 -95 97 99 101
4 -10 -17 29 38 48 57 -58 -59 83 -88 92 -93 94 -95 -96 -98 101
1 -2 -11 -15 -18 19 -23 -28 32 -41 -45 46 57 72 -76 79 -80 -88 -96 97 99 101
9 -10 -15 -18 19 -24 29 -31 34 -37 -41 -44 48 54 -62 79 83 -98 101
1 -7 -10 -21 25 -31 -35 -37 -47 -49 57 -59 -61 -65 -66 70 -78 -80 86 92 -94 -98 -99 101
-2 -8 19 -23 25 -28 32 34 -36 -47 -49 53 55 -62 -64 -68 83 99 101
-2 -6 -8 9 -11 -23 25 -31 34 -35 38 39 42 -59 -62 -80 -81 83 86 -90 -92 94 -95 96 97 101
-2 4 -5 -7 9 13 19 -21 -27 -36 -47 54 57 -58 -64 -66 71 -76 85 87 -92 96 97 101
4 -7 13 -17 19 20 -23 -24 -41 -58 -66 -68 70 72 -73 -77 -78 83 89 -90 95 96 100 101
-8 -10 -16 -21 25 29 -30 34 -36 -37 -45 46 -49 -52 53 57 71 82 94 -96 101
3 9 12 -15 -16 -23 -26 -30 -31 -36 -41 48 -49 54 -62 63 -73 79 82 -93 99 100 101
-2 -6 -14 -30 32 -37 54 55 -58 71 74 -81 82 -93 -94 -96 -99 101
-5 -6 -7 -8 9 -10 -15 -24 -26 -28 -33 42 -43 48 50 -51 53 54 56 57 -58 63 -66 -67 -68 -80 87 -94 101
-5 -6 -7 9 -10 12 -14 -15 -17 -21 -23 -26 46 54 -61 -68 72 74 82 -86 -98 101
-2 4 -11 -15 19 -21 -23 -35 -36 -44 57 60 -61 -67 71 79 82 -84 -88 92 101
-2 4 -10 13 -16 -18 19 -21 22 -30 42 -45 57 60 -62 63 -64 -69 70 71 -78 -81 -84 -94 95 101
-8 -11 -18 20 22 -36 39 40 50 56 -58 -67 82 86 92 -93 -96 -99 100 101
-31 -36 -37 40 -45 48 -52 54 55 63 -64 -66 -76 -90 97 100 101
-2 -6 -8 20 -28 29 -31 32 38 -49 50 -52 55 -58 -59 -62 70 -76 -80 83 -84 -87 90 92 100 101
-2 -6 -8 9 -11 12 -15 -16 -17 -18 -24 25 -27 -31 -35 39 -41 -43 -45 46 -51 -52 54 -59 60 -67 -69 70 74 -75 79 82 -86 -98 101
-10 -31 34 40 -45 -61 -67 82 97 101
-2 -11 12 13 -21 -30 -35 38 -45 -47 48 -51 -59 -66 71 -75 -76 -77 -80 -86 -87 -92 94 101
-7 -8 12 -18 -30 32 -36 -43 -44 -47 -61 71 72 -75 -81 83 -84 85 -86 90 96 101
1 -18 19 29 -31 34 -36 40 -44 -47 -49 -51 54 55 56 -59 -61 -66 -67 70 -77 -89 99 101
4 -8 19 20 22 -23 32 -37 40 46 48 -59 60 74 -87 -88 -94 97 -98 100 101
-2 -10 -21 -30 -31 -43 46 54 -61 -76 92 -93 100 101
-6 -8 13 20 38 39 -41 -47 -59 -69 71 72 85 88 -90 97 101
-2 -7 -16 -17 19 -27 -31 -41 -45 63 -69 71 74 88 -91 101
-2 -6 -8 9 13 -14 -15 -17 -21 25 32 34 -37 -41 -52 -67 74 -78 82 84 85 87 89 90 97 100 101
-2 -6 -7 12 25 -28 -35 39 -41 50 53 56 57 -58 60 -66 -67 -68 70 71 -78 79 92 97 101
3 -11 13 22 -27 -30 -35 38 42 46 -49 -51 -61 63 -64 -67 -68 71 -77 82 84 -90 91 -92 -96 97 101
-7 -10 -17 19 25 -27 -31 34 -41 46 50 53 -58 74 86 -96 101
3 13 -14 19 -21 -27 -33 34 -41 42 -49 54 -58 -62 -68 72 -73 -77 -90 -92 97 101
22 -24 -26 -30 -35 -36 -59 -64 -65 -67 -68 -76 97 101
-10 -17 19 -23 -24 25 -26 29 32 34 -35 46 -51 56 -61 72 -78 84 86 87 -90 -92 -93 97 101
1 -5 12 -15 22 25 -28 32 -36 -37 38 39 54 55 56 -76 -81 83 87 89 92 -95 96 99 101
1 4 -5 -15 -17 29 38 42 -44 -52 57 -58 -59 -67 -78 -81 83 87 -92 99 101
3 12 -14 -16 -23 -24 -30 -33 -36 40 42 -47 -51 -65 -78 -80 82 -86 92 -93 -98 -99 101
3 -18 -26 -30 32 -43 -44 -47 54 57 63 -66 -84 -89 94 101
-6 -10 -14 20 -24 25 -31 -33 -43 46 48 -62 -76 -77 79 -93 -94 101
-11 -16 19 -23 32 -44 48 50 -59 -65 72 -75 82 -84 85 -89 94 -96 99 101
3 -11 -14 19 -26 -27 -31 -37 -43 -47 48 55 -58 -69 70 83 -89 -90 91 94 101
1 -6 -7 -11 25 32 -33 34 -36 -51 -52 -65 -78 85 -88 -93 101
-2 3 -14 -23 -27 29 -37 -44 -62 -64 71 -73 -76 79 -80 82 83 -84 85 89 97 101
3 -8 -17 -24 -30 -31 -35 38 39 -47 48 -51 53 -59 -61 -62 -66 70 72 -77 -84 87 -89 -90 91 -93 -99 101
12 -17 -23 34 -43 48 -51 54 57 -58 -59 -61 -64 -67 -69 -77 -78 -80 -94 -98 101
1 -7 12 19 20 -43 -47 53 -64 -66 -68 71 74 -88 90 -94 -98 99 101
-11 22 29 -36 -43 -68 70 -81 82 85 91 101
-2 3 -11 12 -18 25 -35 39 54 -58 63 -65 72 85 -92 97 101
-5 -7 -15 -16 19 20 -23 -26 -27 -30 32 -33 42 50 54 -59 -65 -76 85 -86 87 91 101
1 3 4 -5 -14 -23 29 53 54 55 -59 63 71 -75 -80 97 101
-6 -10 -14 -15 19 -21 -28 -31 40 -41 -47 48 -52 57 -66 70 -75 85 -86 97 101
1 -15 -21 29 32 38 -43 -44 -45 54 -64 -67 72 -73 -80 -81 83 91 -96 -99 101
12 20 -28 29 -31 -35 42 46 55 -68 -69 71 -75 -76 -77 -81 85 87 89 -93 101
-7 -8 13 -17 20 -26 -28 -31 -33 39 42 -43 -44 48 50 60 -62 -66 -73 -84 89 -93 101
-2 3 4 9 -10 12 -15 -21 -27 29 34 -37 38 -41 -43 -49 54 -59 60 -61 -65 -68 71 -90 97 101
1 -8 -33 -37 39 46 70 72 -73 -76 -81 -88 91 96 97 99 101
1 -2 13 25 29 32 34 -35 38 39 -44 46 -51 60 -64 -75 -76 -81 82 89 91 96 97 -98 99 101
-6 -8 -17 19 20 -21 22 25 -26 -36 42 60 -67 -75 79 83 87 89 92 96 100 101
-10 12 -15 -37 39 -44 48 54 55 -68 -77 85 86 94 101
-16 -22 23 26 30 -33 36 37 45 58 -60 63 -76 77 79 -82 85 -90 93 102
3 7 11 -15 19 -20 28 -29 -40 43 54 55 63 -67 -74 85 -89 100 102
1 -2 -4 8 22 23 29 -41 46 -53 54 60 -63 -71 73 -79 -84 91 95 -96 102
-14 -16 -26 -29 32 40 53 58 -62 -72 -73 -78 82 -95 -98 102
-4 -7 -9 10 14 -34 35 70 71 -72 78 81 -87 99 102
-1 -21 24 -31 -34 -37 49 -53 55 56 57 -60 61 63 -65 79 81 -90 93 98 -99 102
-4 7 9 -12 13 18 19 -22 -24 25 -39 -45 46 70 72 -76 -84 -85 -94 -96 99 102
-5 -8 -10 14 -22 -26 27 -28 31 32 -39 -45 -46 -47 51 52 -55 56 59 67 -68 -74 -83 87 -90 97 100 102
-2 -5 -6 13 -17 22 -23 28 -29 31 32 -34 -39 -42 59 -76 85 -93 102
-4 -8 14 16 -18 -25 27 -31 32 -40 -48 -49 -50 -51 -52 -54 -57 58 59 -66 68 82 83 -86 90 102
2 -7 11 -19 -22 35 -36 -38 50 51 -54 65 -70 -73 74 79 -80 82 -99 -100 102
-5 14 17 20 29 32 -48 54 55 -58 -60 62 -64 -75 -90 -92 -95 98 102
3 4 -11 14 15 22 28 -36 42 -43 49 -51 58 59 72 86 -88 -97 102
3 -7 8 12 14 16 -18 21 -29 32 34 47 52 58 62 -71 73 -74 -75 -77 -80 84 91 94 -98 102
-2 8 -10 -17 -21 -34 -36 39 -50 -53 -62 -67 -71 75 82 90 -91 -93 -96 -97 -98 99 102
-21 -25 32 -34 35 43 48 -66 71 76 79 88 -90 91 102
3 8 19 22 -31 32 42 -49 55 -57 62 63 71 -75 81 -82 -84 -92 -94 98 -99 102
-4 10 11 15 -16 28 46 -47 48 -52 55 -57 -58 -66 68 -69 -79 90 93 99 102
-3 -10 -21 26 -30 -38 -39 -46 -52 67 72 75 78 -79 81 82 91 -92 96 99 100 102
-4 7 -16 -25 27 -28 32 -36 -37 -39 41 48 54 57 -58 -63 -67 76 -78 82 -84 87 -88 -90 93 -94 95 -100 102
1 -8 -10 -11 18 19 26 -30 33 38 -42 43 -44 46 -47 -54 -67 73 75 -91 100 102
-14 19 -21 22 26 32 -36 -41 -46 -49 55 -62 -64 -72 82 85 -98 -99 102
-1 3 7 -13 -17 25 -30 43 44 48 50 -59 -60 71 -77 90 95 100 102
-1 -4 12 -15 16 19 -23 29 32 -34 36 41 43 -46 -50 71 73 90 -97 100 102
3 7 9 -21 30 31 -40 -46 -50 51 -57 -58 -62 -77 79 84 -86 94 -96 102
7 12 15 -17 -22 -26 27 -30 35 -37 40 -44 49 56 -69 81 86 91 -93 96 102
1 2 -8 13 -14 -18 -23 -36 38 39 -48 51 -59 61 -64 -67 68 71 -74 77 82 -85 -89 -95 97 102
7 -13 -14 21 -32 33 -43 -47 53 59 60 62 -64 -69 -73 75 -79 -84 -86 -88 96 102
13 -21 23 26 31 -39 47 -48 -50 -53 -59 60 -62 -64 70 75 -85 87 -95 -97 98 -99 102
-2 -6 14 -17 -28 -31 -38 -42 -43 45 50 53 63 65 69 -71 -74 82 84 -89 102
-2 -8 -9 -14 -23 -26 27 -29 -30 46 48 -52 -53 -58 -75 -76 -92 102
-5 -6 8 11 -15 -28 35 -39 41 -44 -48 63 -64 65 71 76 -77 83 84 95 -99 102
5 -9 -16 -27 38 39 -42 -46 -50 54 58 -62 -65 -68 -75 79 -81 89 -91 -92 102
2 5 -7 8 -26 -31 -32 -33 -40 47 50 -53 -68 71 77 -78 -79 -85 86 -94 95 -100 102
-2 5 -6 8 -10 -35 43 48 -51 54 -55 59 70 -80 89 96 -100 102
-4 -7 -8 -9 10 20 -31 -35 -36 41 48 53 -61 -64 -69 76 -80 -84 89 97 100 102
-12 18 21 27 -32 -42 57 60 62 68 -72 -75 -77 80 -83 -84 87 -92 99 102
-9 14 20 29 -55 -66 -68 71 82 -92 95 102
8 16 -18 24 28 -30 31 33 41 -46 -47 48 -49 51 52 54 -59 63 73 -79 88 -90 -94 102
1 4 7 -14 23 -29 -34 -39 -43 -47 55 -56 57 -62 72 -77 -83 91 -94 98 100 102
-4 -7 14 15 -16 -17 38 39 50 57 62 65 -66 69 73 81 -85 -87 99 102
2 4 -5 16 31 -33 -35 41 42 45 -57 61 -66 78 -79 88 -89 96 102
12 27 32 35 -40 42 62 86 -89 92 -98 102
13 -17 19 -21 29 -30 -31 -34 -45 46 55 57 60 66 74 -75 78 79 -81 89 -94 95 -98 100 102
-1 7 -12 25 -33 -37 40 43 -45 47 -50 -51 57 -59 64 -66 -72 75 80 84 -86 89 90 -93 -96 -98 102
-14 16 18 19 28 34 -37 -39 48 -55 -57 -61 -81 82 -91 -96 97 102
-1 -3 -6 8 11 21 26 30 -38 52 -54 68 -71 73 75 -77 -82 83 -88 99 100 102
10 11 12 14 15 -18 20 -27 32 36 -46 47 -50 -57 59 62 65 -68 102
1 5 6 -14 -17 35 38 40 41 -46 47 -52 60 62 -72 77 80 -81 84 -85 87 -99 102
10 14 -21 -26 -27 30 37 -38 39 -42 -45 48 49 54 59 65 -68 70 -71 -72 -73 -83 -93 -95 102
-4 -14 18 33 -35 47 -54 -59 -64 -74 76 77 -78 84 -86 89 98 100 102
1 5 -6 -12 22 -24 26 30 -33 -35 -40 -45 49 -66 79 90 94 102
3 -9 -13 -23 31 -47 -53 -58 -65 66 -68 83 84 89 94 98 102
-4 -8 9 10 13 14 15 24 -29 -34 -36 39 -41 -42 43 -57 69 -75 -79 -82 92 93 102
-2 6 -9 12 -19 23 -35 -41 -42 -47 -49 -51 57 -63 65 -67 -70 74 -75 -76 -82 87 100 102
3 -28 36 39 -40 44 54 -56 -68 78 82 -84 87 -88 92 102
-9 21 -24 35 37 -46 49 50 52 -57 -65 -66 -77 80 85 93 102
2 -6 -7 -9 -11 -13 -18 20 26 35 43 -45 -47 50 53 -54 65 -68 71 -74 -77 85 -92 93 -97 -98 102
-8 -9 -17 25 -29 30 -32 -36 37 51 -63 72 -78 80 -88 102
-3 4 6 -7 9 33 -36 39 41 43 44 -50 51 53 55 56 57 72 80 81 83 86 -90 102
-1 -10 12 13 -28 -31 -32 33 39 42 46 -49 51 55 -56 59 60 61 -64 66 70 -76 -78 -84 98 102
-8 -11 17 18 -21 -26 42 46 -49 55 -57 -61 -64 67 -69 71 -76 83 94 -100 102
-6 -7 8 -26 -32 -39 -40 -41 -43 -46 -56 -57 -58 67 68 74 76 77 -83 92 -93 102
3 -6 13 17 -18 26 -31 36 39 41 45 -47 65 68 70 -73 -77 79 -84 -86 -91 96 -100 102
21 36 -44 48 -51 -55 60 -63 65 70 -80 83 102
-3 -4 6 9 -22 23 -27 -44 46 49 -55 61 68 75 -84 89 92 -94 98 102
5 -11 -20 21 26 -28 29 32 -54 56 -57 59 60 -65 67 76 -78 -80 86 -92 -95 102
1 3 -12 -13 15 17 -18 -19 -20 29 -30 -31 32 40 42 48 51 -59 60 68 -73 81 -91 99 102
4 -6 -10 12 -18 21 30 39 -44 47 48 51 55 71 -72 -74 76 -79 81 84 92 93 -99 102
5 8 10 -18 19 -21 -22 -33 -38 57 -60 90 102
-7 12 -25 29 31 -41 -43 -47 -52 55 58 61 62 73 76 -77 81 -94 96 -98 102
-4 -15 16 -17 -23 -24 32 -41 -43 48 -51 54 -56 59 62 66 80 90 -91 -95 96 98 -99 102
-4 12 -16 19 -22 23 24 33 -36 52 54 61 -63 -82 85 95 -97 102
8 12 15 -25 -27 -36 38 -46 -47 -48 49 65 -67 -69 70 -75 -77 -85 87 -98 100 102
13 26 -28 -32 36 -40 46 -47 -48 -50 56 62 75 91 93 100 102
7 -9 -15 23 -33 34 38 -40 -47 -54 58 65 76 77 78 -88 96 102
5 -7 8 -12 16 18 21 -22 23 28 35 43 -49 -50 -52 -54 62 63 68 -74 75 81 82 -86 90 -100 102
-12 -15 -19 24 36 41 -42 49 56 -57 -68 73 80 90 -92 94 98 102
2 3 -7 14 -15 17 -25 -32 39 46 -54 -58 -65 -68 69 74 -77 83 102
5 -7 -10 12 13 -18 -25 -26 -37 52 -53 64 69 77 84 -85 -91 102
-1 -11 -12 19 20 21 -22 -25 -30 33 34 -39 -43 -44 48 56 58 -62 -63 -66 -72 -76 -87 -96 102
9 16 -17 -20 22 -32 -33 34 -36 -41 44 -72 -81 86 -96 102
3 16 22 26 31 35 43 -45 -46 58 61 63 68 -69 73 75 77 78 79 -81 83 102
5 -6 8 -10 -12 -14 -22 23 -30 32 -34 37 -39 61 66 67 69 -75 86 98 102
1 2 6 -16 -25 -33 36 39 -41 -43 45 -47 55 57 62 -63 64 74 -79 89 91 94 102
-5 8 14 20 23 31 -34 37 39 -43 -51 -52 53 -60 -67 71 80 82 88 99 102
23 24 -29 30 35 43 -44 -56 61 -62 -64 67 -70 -76 86 -92 -93 95 -96 99 102
-1 7 9 -11 28 -39 -41 45 -49 51 54 -58 68 -74 80 -95 97 102
1 7 -8 -10 12 -13 -17 -18 19 20 -27 -34 -39 44 -49 -59 63 64 70 72 73 76 79 81 82 92 -95 102
1 3 5 -7 -12 -13 14 -17 -20 28 32 33 39 53 -54 -56 -59 62 -64 66 -67 -72 -74 83 -90 94 -100 102
-3 15 -16 -21 -24 -29 32 -38 40 46 51 62 63 64 65 -68 77 -79 81 84 96 102
-7 -13 20 -23 26 -27 -34 38 45 -49 51 53 57 60 63 66 67 69 76 78 -82 84 -90 -92 -97 -98 102
5 10 -12 -13 -15 17 20 21 -43 -44 -46 -51 -52 55 60 61 -77 85 -99 100 102
-1 -6 9 19 -30 -49 -50 65 67 76 -83 -85 89 91 -93 102
-4 -17 -18 26 28 -30 -45 -55 63 -64 66 -76 80 83 -85 -100 102
2 6 12 -18 22 25 -45 -49 50 51 -54 56 61 63 64 67 -70 73 89 -90 102
-4 6 -30 -32 38 -41 45 -49 59 -63 66 -76 -80 -86 -87 91 94 -95 102
-1 2 -12 -15 -16 -17 -20 -38 -41 -43 45 -57 -65 -68 83 92 -93 102
-1 4 -11 -15 -20 -27 28 30 33 34 35 41 45 -58 -72 -74 75 -83 -86 91 94 102
-1 18 19 35 -40 -45 47 53 59 60 -72 -74 75 -76 77 -80 -86 88 -91 -98 -99 102
