3 4 6 9 12 15 17 19 21 22 25 26 29 31 32
3 5 6 9 11 13 14 16 18 20 22 25 27 29 30 32
3 5 6 9 11 12 15 16 18 20 23 25 27 28 31 32
2 5 6 9 11 13 14 16 20 22 24 27 28 31 32
2 5 6 9 11 12 14 16 19 21 23 24 26 29 31 32
2 4 6 9 11 13 14 16 19 20 22 25 27 30 32
3 5 9 10 12 15 17 19 21 22 24 26 28 31 32
2 4 6 9 11 12 14 16 18 20 22 24 26 28 31
3 5 6 9 11 13 14 16 18 21 23 25 27 28 30 32
2 4 6 9 11 13 14 16 18 21 23 25 30 32
2 4 6 9 11 13 14 16 18 21 23 25 27 29 31
3 5 6 9 11 12 14 16 18 20 23 25 27 28 32
3 4 6 8 10 12 15 17 19 21 22 24 28 31 33
3 4 6 9 11 12 14 16 18 20 23 27 29 30 32
3 4 6 9 10 12 14 16 19 21 22 25 26 29 30 32
2 4 6 9 11 14 16 19 21 22 25 27 29 30 32
3 5 6 9 11 12 16 20 22 24 27 28 30
3 4 6 8 10 12 15 17 19 21 23 24 26 28 31
3 5 7 9 11 12 14 16 18 21 22 25 27 28 30 32
2 5 6 9 11 13 14 16 18 20 23 25 27 29 30 32
3 4 6 9 11 13 14 16 18 21 23 25 26 29
2 5 6 9 11 13 14 16 18 21 23 25 27 29 31 32
3 6 9 11 12 15 16 19 20 22 25 27 29 30 32
2 5 6 9 11 13 14 16 18 20 22 25 27 29 30 32
3 5 6 9 11 12 14 16 18 20 22 25 27 29 32
2 5 6 9 11 13 14 16 18 21 23 25 27 29 30 32
2 4 6 9 11 12 14 16 18 20 22 24 26 29 31 32
3 5 9 11 12 14 16 18 21 23 25 27 29 30 32
3 4 6 9 10 12 14 17 19 21 22 24 26 28 31 32
2 5 6 9 11 13 14 17 18 20 22 25 27 29 30 32
2 5 6 9 11 12 14 16 18 20 22 25 27 29 30 32
3 5 6 9 11 13 14 16 18 21 23 27 29 30 32
3 5 6 9 11 12 14 16 18 20 22 25 26 28 31 32
3 4 6 9 11 12 15 16 18 21 22 25 26 29 30 32
3 4 7 9 10 12 15 17 19 20 22 25 26 28 31 33
2 4 6 9 11 13 14 16 21 22 25 27 29 30
3 4 6 9 11 12 14 16 18 21 25 27 29 31 32
3 4 7 8 11 12 14 16 18 21 22 25 26 29 30
6 9 11 13 14 16 21
3 4 6 9 10 12 15 16 19 21 23 25 27 29 31 32
11 12 14 16 18 20 25 26 28 31
3 5 6 9 11 13 14 16 18 21 23 25 27 29 30 32
2 4 6 9 13 14 16 18 20 23 25 27 29 30
2 5 6 9 11 13 14 16 18 20 23 24 27 29 30
3 4 6 10 12 15 16 19 20 25 26 28 32
2 5 6 9 11 13 14 16 18 21 23 25 27 29 30
2 4 7 8 11 13 14 16 18 21 22 25 27 28 31 32
3 6 9 11 13 14 16 18 20 22 25 27 28 30 32
2 4 6 9 11 13 14 16 18 21 23 25 27 29 30 32
2 4 6 9 11 13 14 16 18 20 23 25 26 29 30 32
2 5 6 9 11 13 14 16 19 20 22 25 27 29 31
2 6 9 11 13 14 16 18 21 23 25 26 29 30 32
2 4 6 9 11 12 16 19 21 22 24 27 28 31
2 6 9 11 13 14 16 18 21 22 25 27 29 30 32
2 4 6 9 10 12 15 16 18 21 22 25 27 28 31
3 4 6 9 11 13 14 16 19 21 22 25 27 29 30
2 5 6 9 11 13 14 16 18 21 22 25 27 29 30
5 6 9 11 13 14 16 18 20 22 27 29 30
2 5 6 9 11 13 14 16 18 21 22 25 27 29 30 32
3 4 6 9 11 12 14 16 19 20 22 25 26 28 31
2 4 6 9 11 13 14 16 18 21 23 25 27 29 30 32
7 9 12 17 19 21 22 24 27 28 31
3 5 6 8 10 12 15 17 18 21 23 25 26 28 30
2 4 6 9 11 13 14 16 18 21 22 25 27 29 30
2 5 6 9 11 13 14 16 18 20 22 25 27 28 30 32
2 4 6 9 10 12 15 17 19 21 22 26 28 30 32
4 7 9 11 13 14 16 18 20 22 25 27 28 30 32
2 6 9 11 13 14 16 18 21 23 25 26 29 30 32
2 4 6 11 13 15 16 19 21 22 27 29 30 32
3 4 6 9 12 14 16 18 20 22 25 27 31
3 4 6 9 11 12 15 16 18 20 23 25 26 28 31 32
2 4 6 9 11 13 14 16 18 21 23 25 27 29
2 5 6 9 11 13 14 16 18 21 23 25 27 29 31 32
2 5 6 9 11 13 14 16 18 20 23 25 27 29 30 32
2 5 6 9 10 12 15 21 22 30 32
3 5 6 9 11 13 14 16 18 20 22 25 29 30
3 4 6 9 11 12 14 16 20 23 25 27 29 31 32
2 4 6 9 10 12 15 16 19 20 22 25 26 28 31
3 5 6 9 11 12 14 16 18 20 23 25 26 29 31 32
2 4 6 9 11 13 14 16 18 21 23 25 27 29 30 32
3 5 6 9 11 12 14 16 18 21 22 25 27 29 30 32
2 5 6 9 11 13 14 16 18 21 22 25 27 29 30
2 4 6 9 11 13 14 16 18 21 23 25 27 29 30
2 4 6 9 12 14 16 19 20 27 29 30 32
3 5 6 9 10 12 15 17 19 21 25 26 28 31 33
2 5 6 9 11 13 14 16 18 20 23 27 29 30 32
2 4 8 10 12 15 17 18 21 22 26 28 31 33
3 5 6 9 11 13 14 16 18 21 22 25 27 29 30 32
3 4 6 9 11 12 14 16 19 20 23 25 27 29 30 32
2 5 6 9 11 13 14 16 18 21 23 25 27 29 30
3 5 6 9 11 13 14 16 18 20 23 25 27 29 31 32
3 5 6 9 11 12 14 16 18 20 22 25 27 29 30 32
3 5 6 9 11 12 14 16 18 20 23 24 27 28 30
2 4 6 9 11 12 14 16 18 21 23 25 27 29 30 32
2 5 6 9 11 13 14 16 18 20 23 25 27 29 30 32
3 5 6 9 11 12 14 16 18 20 23 25 27 28 31 32
2 6 9 11 13 14 16 18 21 23 25 27 29 30
2 5 6 9 11 13 16 18 23 25 27 29 30
2 6 9 11 12 14 16 18 20 23 25 27 29 30
2 5 7 9 11 13 14 16 18 20 23 25 27 29 30 32
3 4 6 9 11 13 15 16 18 20 22 25 27 29 30 32
2 5 6 9 10 12 14 17 18 20 23 25 26 28 31
3 5 7 9 11 13 14 16 18 20 23 24 26 28 30 32
2 5 6 9 11 13 14 16 18 20 23 25 27 29 30
2 4 6 9 11 13 14 16 18 20 23 25 26 29 31 32
2 5 6 9 12 16 18 20 23 25 26 28 31 32
3 5 6 9 11 12 14 16 18 20 23 24 27 29 31 32
2 5 7 9 10 12 17 21 23 25 27 28 33
2 5 6 9 11 12 14 16 18 20 22 25 27 29 31 32
2 5 6 9 11 12 14 16 18 21 23 24 28 30 32
2 4 6 9 11 13 14 16 18 21 23 25 27 29 30 32
3 5 6 9 11 13 14 16 18 20 22 27 29 30 32
2 5 6 9 10 12 15 17 18 20 23 25 26 28 31 32
2 5 6 9 11 13 14 16 18 21 23 25 27 29 30
2 4 6 9 11 13 14 16 18 21 23 25 27 29 31 32
2 4 6 9 10 12 15 16 18 20 22 25 27 29 31 32
2 4 6 11 12 14 16 18 21 22 25 26 29 32
3 4 7 9 10 12 15 17 19 21 23 24 26 28 30 32
3 5 6 9 11 13 14 16 18 20 23 25 27 28 31 32
3 6 9 11 12 14 16 18 20 23 25 27 28 30 32
2 6 9 11 13 14 16 18 21 23 25 27 29 30
2 5 6 9 13 14 16 18 20 23 24 27 30 32
2 6 9 11 13 14 16 18 21 23 25 27 29 30
2 5 6 9 11 13 14 16 18 20 22 25 27 29 30 32
3 5 7 9 10 12 14 17 19 21 23 24 26 28 31 32
2 4 6 9 11 13 14 16 18 21 23 25 27 29 31 32
2 4 6 8 10 12 15 17 19 21 22 24 26 28 31 32
2 5 6 9 11 12 15 16 20 22 24 29 31 32
2 4 6 9 11 13 14 16 19 21 23 25 27 28 31 32
2 4 6 9 11 13 14 16 18 21 23 25 27 29
2 4 6 9 11 13 14 16 18 21 22 25 27 29 31
2 6 9 14 16 18 21 23 25 27 29 30
3 5 6 9 11 12 14 18 20 22 25 27 29 30 32
3 4 6 8 10 12 15 17 19 20 22 24 26 28 30
2 5 6 9 11 13 14 16 18 20 23 25 27 29 30 32
2 4 6 9 11 13 14 16 18 21 23 25 27 29 31 32
2 4 6 9 11 13 15 16 18 21 22 25 27 29 30 32
2 6 9 11 13 14 16 18 21 23 27 29 30 32
3 4 6 9 11 13 14 16 20 23 25 26 29 30 32
2 4 7 9 11 13 15 16 18 21 22 25 27 29 30 33
2 4 7 9 10 12 15 17 19 21 22 24 26 28 30 33
3 5 6 9 11 13 14 16 18 20 23 25 26 29 30 32
2 5 6 9 11 13 14 16 18 21 23 25 27 29 30 32
2 4 6 9 11 12 16 18 21 22 25 26 29 30 32
2 4 7 9 10 15 17 19 21 22 25 26 28 31 32
2 5 6 9 11 12 14 16 18 20 22 25 27 28 30 32
3 4 6 9 11 12 14 16 18 20 23 25 26 28 30 32
2 4 6 9 11 13 14 16 18 20 22 25 27 29 31 32
2 5 6 9 11 12 14 16 18 20 23 27 28 31 32
2 4 6 9 11 13 14 16 18 21 22 25 27 29 30 32
2 5 6 9 11 13 14 16 18 21 23 25 27 29 32
3 6 9 14 16 18 20 27 29 30 32
3 4 6 9 11 12 14 16 21 22 24 27 29 30 32
2 5 6 9 11 13 14 16 18 20 23 25 27 29 31 32
3 4 6 9 11 13 14 16 18 20 23 25 27 29 30 32
9 11 13 14 16 18 20 23 25 26 29 30 32
3 4 6 8 10 12 15 17 19 20 22 25 26 28 31 33
2 5 6 9 11 13 14 16 18 21 22 25 27 29 30 32
3 5 6 9 11 13 14 16 18 21 23 25 27 29 30 32
2 6 9 11 13 14 16 18 21 25 27 29 30
2 4 6 9 10 12 15 17 20 23 25 27 28 30
2 4 6 9 11 12 14 16 20 22 27 29 30
2 5 6 9 11 12 14 16 18 21 23 25 27 29 30 32
3 5 6 9 11 12 14 16 18 21 22 25 27 28 30 32
3 4 6 9 11 13 14 16 18 20 23 25 29 30 32
2 4 6 9 11 12 14 16 18 20 23 25 27 29 31 32
2 4 6 9 10 12 15 16 20 23 25 26 28 31
3 4 6 9 11 12 14 16 18 20 22 25 26 29 30
2 5 6 9 11 13 14 16 18 20 23 25 27 29 31 32
2 4 6 9 11 13 14 16 19 20 23 25 27 29 31 32
3 4 6 9 11 14 16 18 20 22 25 28 30 32
2 4 6 9 11 13 14 16 18 20 23 25 27 29 30 32
2 5 6 9 11 13 14 16 18 20 23 25 27 29 30 32
3 4 6 9 11 12 14 16 18 21 22 25 27 28 30 32
2 4 6 9 11 13 14 16 18 21 25 27 29 31
3 4 6 9 10 12 15 17 19 21 22 25 27 29 30
3 5 6 9 11 12 14 16 19 21 22 25 27 28 32
3 5 6 9 11 13 14 16 18 21 23 25 27 29 30 32
2 4 7 9 11 13 14 16 21 22 25 27 29 30
3 5 6 9 11 13 14 16 18 21 23 25 27 29 30
2 4 6 9 10 12 14 16 18 20 22 25 26 28 31
3 5 7 9 11 12 15 16 18 21 22 24 26 28 30 33
2 5 6 9 11 13 14 16 18 22 25 27 29 30
2 5 6 9 11 12 14 16 18 21 23 25 27 28 31
2 4 6 9 11 13 14 16 18 21 22 25 27 29 31 32
3 5 6 9 10 12 15 17 19 20 22 24 26 28 31 32
3 4 6 9 10 14 17 19 20 22 25 26 29 30 32
3 7 9 11 12 14 16 18 20 23 25 27 28 31
2 4 7 8 10 12 15 17 19 21 22 25 26 28 31
2 5 7 9 10 12 15 17 19 21 22 24 27 28 31 32
2 4 6 9 11 13 14 16 18 21 22 25 27 29 30 32
2 5 6 9 11 13 14 16 18 20 23 25 27 28 30 32
2 6 9 11 13 14 16 18 21 23 25 27 29 30
3 4 6 9 11 12 15 16 18 21 22 25
3 4 6 9 11 13 15 16 18 21 22 25 27 28 30 32
3 4 7 8 10 12 15 17 19 21 22 24 27 28 31 33
2 5 6 9 11 13 14 16 18 21 23 25 27 29 30
3 5 6 9 10 13 14 16 18 21 23 25 27 28 32
3 4 6 9 11 12 15 16 18 20 22 25 26 29 30 32
2 4 6 9 11 13 14 16 18 21 22 25 27 29 30 32
3 5 6 9 11 12 14 16 18 21 23 25 27 29 30 32
18
2 5 6 9 11 12 14 16 18 20 23 24 27 28 31
2 4 6 9 11 13 14 16 18 21 22 25 27 29 30
3 6 9 10 12 15 16 19 21 22 25 27 29 31
2 5 6 9 10 12 15 17 19 21 23 25 27 29 31 32
2 4 12 15 17 19 21 22 25 26 29 31 32
3 5 7 9 10 12 15 17 19 20 22 24 26 28 31 32
3 4 7 9 10 12 15 17 21 23 24 26 28 31 32
2 5 7 9 11 12 14 16 18 20 23 25 27 28 30 32
3 4 6 9 11 13 14 16 18 20 22 25 27 29 30 32
2 5 6 9 11 13 14 16 18 21 23 25 26 29 30
3 5 6 9 11 12 14 16 18 21 22 24 27 28 30
2 5 6 9 11 13 14 16 18 20 23 25 27 29 31 32
3 6 9 11 12 14 16 19 20 23 25 27 29 30
2 6 9 11 13 14 16 18 21 23 25 27 29 30 32
3 5 6 9 11 13 14 16 19 20 22 25 27 29 30
3 4 7 9 11 13 14 16 18 20 22 25 27 29 30 32
2 5 6 9 10 12 14 17 21 22 25 26 28 30
2 4 6 9 10 12 15 16 19 20 22 25 26 28 30 32
2 5 7 9 10 12 14 17 19 20 22 25 27 28 31 32
3 5 6 9 11 13 14 16 18 20 22 25 27 29 30 32
3 5 6 9 11 13 14 16 18 21 23 25 27 29 30
3 6 9 11 13 14 16 18 21 23 25 27 29 30 32
3 4 6 9 10 12 15 17 19 20 22 24 26 28 31
3 4 6 9 10 12 14 17 18 20 22 25 26 28 31 32
2 4 6 9 11 13 14 16 18 21 22 25 27 29 31 32
3 5 7 8 10 12 15 17 19 21 22 24 26 28 31 33
3 4 6 9 10 12 15 17 19 21 23 25 26 28 30 32
2 5 6 9 11 13 15 16 18 20 23 25 27 29 30 32
3 5 6 9 11 13 14 16 18 21 22 25 27 29 30 32
2 4 6 9 11 13 14 16 18 21 22 27 29 31 32
2 4 7 9 10 12 15 17 19 20 22 24 26 28 31
2 5 6 9 11 13 14 16 18 20 22 25 27 28 31 32
2 5 6 9 11 13 14 16 18 21 23 25 27 29 30 32
3 4 6 8 10 12 15 16 18 20 22 24 26 28 31 32
2 5 6 9 11 14 16 18 21 27
6 9 11 13 14 16 18 25 27 29
2 4 6 9 10 12 14 16 19 20 22 25 27 29 30
2 5 6 9 11 13 14 16 18 20 23 25 27 28 30 32
2 4 6 9 11 14 16 18 20 23 25 27 29 30
